// Bayesian Network (Learned via Multi-Start Full-Batch EM)

variable N0_7muVerMo {
  type discrete [ 4 ] = { StrongUp, WeakUp, Neutral, Down };
};
variable SubjVertMo {
  type discrete [ 4 ] = { StronUp, WeakUp, Neutral, Down };
};
variable QGVertMotion {
  type discrete [ 4 ] = { StrongUp, WeakUp, Neutral, Down };
};
variable CombVerMo {
  type discrete [ 4 ] = { StrongUp, WeakUp, Neutral, Down };
};
variable AreaMeso_ALS {
  type discrete [ 4 ] = { StrongUp, WeakUp, Neutral, Down };
};
variable SatContMoist {
  type discrete [ 4 ] = { VeryWet, Wet, Neutral, Dry };
};
variable RaoContMoist {
  type discrete [ 4 ] = { VeryWet, Wet, Neutral, Dry };
};
variable CombMoisture {
  type discrete [ 4 ] = { VeryWet, Wet, Neutral, Dry };
};
variable AreaMoDryAir {
  type discrete [ 4 ] = { VeryWet, Wet, Neutral, Dry };
};
variable VISCloudCov {
  type discrete [ 3 ] = { Cloudy, PC, Clear };
};
variable IRCloudCover {
  type discrete [ 3 ] = { Cloudy, PC, Clear };
};
variable CombClouds {
  type discrete [ 3 ] = { Cloudy, PC, Clear };
};
variable CldShadeOth {
  type discrete [ 3 ] = { Cloudy, PC, Clear };
};
variable AMInstabMt {
  type discrete [ 3 ] = { None, Weak, Strong };
};
variable InsInMt {
  type discrete [ 3 ] = { None, Weak, Strong };
};
variable WndHodograph {
  type discrete [ 4 ] = { DCVZFavor, StrongWest, Westerly, Other };
};
variable OutflowFrMt {
  type discrete [ 3 ] = { None, Weak, Strong };
};
variable MorningBound {
  type discrete [ 3 ] = { None, Weak, Strong };
};
variable Boundaries {
  type discrete [ 3 ] = { None, Weak, Strong };
};
variable CldShadeConv {
  type discrete [ 3 ] = { None, Some, Marked };
};
variable CompPlFcst {
  type discrete [ 3 ] = { IncCapDecIns, LittleChange, DecCapIncIns };
};
variable CapChange {
  type discrete [ 3 ] = { Decreasing, LittleChange, Increasing };
};
variable LoLevMoistAd {
  type discrete [ 4 ] = { StrongPos, WeakPos, Neutral, Negative };
};
variable InsChange {
  type discrete [ 3 ] = { Decreasing, LittleChange, Increasing };
};
variable MountainFcst {
  type discrete [ 3 ] = { XNIL, SIG, SVR };
};
variable Date {
  type discrete [ 6 ] = { May15_Jun14, Jun15_Jul1, Jul2_Jul15, Jul16_Aug10, Aug11_Aug20, Aug20_Sep15 };
};
variable Scenario {
  type discrete [ 11 ] = { A, B, C, D, E, F, G, H, I, J, K };
};
variable ScenRelAMCIN {
  type discrete [ 2 ] = { AB, CThruK };
};
variable MorningCIN {
  type discrete [ 4 ] = { None, PartInhibit, Stifling, TotalInhibit };
};
variable AMCINInScen {
  type discrete [ 3 ] = { LessThanAve, Average, MoreThanAve };
};
variable CapInScen {
  type discrete [ 3 ] = { LessThanAve, Average, MoreThanAve };
};
variable ScenRelAMIns {
  type discrete [ 6 ] = { ABI, CDEJ, F, G, H, K };
};
variable LIfr12ZDENSd {
  type discrete [ 4 ] = { LIGt0, N1GtLIGt_4, N5GtLIGt_8, LILt_8 };
};
variable AMDewptCalPl {
  type discrete [ 3 ] = { Instability, Neutral, Stability };
};
variable AMInsWliScen {
  type discrete [ 3 ] = { LessUnstable, Average, MoreUnstable };
};
variable InsSclInScen {
  type discrete [ 3 ] = { LessUnstable, Average, MoreUnstable };
};
variable ScenRel3_4 {
  type discrete [ 5 ] = { ACEFK, B, D, GJ, HI };
};
variable LatestCIN {
  type discrete [ 4 ] = { None, PartInhibit, Stifling, TotalInhibit };
};
variable LLIW {
  type discrete [ 4 ] = { Unfavorable, Weak, Moderate, Strong };
};
variable CurPropConv {
  type discrete [ 4 ] = { None, Slight, Moderate, Strong };
};
variable ScnRelPlFcst {
  type discrete [ 11 ] = { A, B, C, D, E, F, G, H, I, J, K };
};
variable PlainsFcst {
  type discrete [ 3 ] = { XNIL, SIG, SVR };
};
variable N34StarFcst {
  type discrete [ 3 ] = { XNIL, SIG, SVR };
};
variable R5Fcst {
  type discrete [ 3 ] = { XNIL, SIG, SVR };
};
variable Dewpoints {
  type discrete [ 7 ] = { LowEvrywhere, LowAtStation, LowSHighN, LowNHighS, LowMtsHighPl, HighEvrywher, Other };
};
variable LowLLapse {
  type discrete [ 4 ] = { CloseToDryAd, Steep, ModerateOrLe, Stable };
};
variable MeanRH {
  type discrete [ 3 ] = { VeryMoist, Average, Dry };
};
variable MidLLapse {
  type discrete [ 3 ] = { CloseToDryAd, Steep, ModerateOrLe };
};
variable MvmtFeatures {
  type discrete [ 4 ] = { StrongFront, MarkedUpper, OtherRapid, NoMajor };
};
variable RHRatio {
  type discrete [ 3 ] = { MoistMDryL, DryMMoistL, Other };
};
variable SfcWndShfDis {
  type discrete [ 7 ] = { DenvCyclone, E_W_N, E_W_S, MovingFtorOt, DryLine, None, Other };
};
variable SynForcng {
  type discrete [ 5 ] = { SigNegative, NegToPos, SigPositive, PosToNeg, LittleChange };
};
variable TempDis {
  type discrete [ 4 ] = { QStationary, Moving, None, Other };
};
variable WindAloft {
  type discrete [ 4 ] = { LV, SWQuad, NWQuad, AllElse };
};
variable WindFieldMt {
  type discrete [ 2 ] = { Westerly, LVorOther };
};
variable WindFieldPln {
  type discrete [ 6 ] = { LV, DenvCyclone, LongAnticyc, E_NE, SEQuad, WidespdDnsl };
};
probability ( N0_7muVerMo ) {
    table 0.223631, 0.262170, 0.262170, 0.252028;
};

probability ( SubjVertMo ) {
    table 0.129310, 0.136410, 0.519777, 0.214503;
};

probability ( QGVertMotion ) {
    table 0.144523, 0.139452, 0.522819, 0.193205;
};

probability ( CombVerMo | N0_7muVerMo, SubjVertMo, QGVertMotion ) {
    ( StrongUp, StronUp, StrongUp ) 0.785714, 0.071429, 0.071429, 0.071429;
    ( WeakUp, StronUp, StrongUp ) 0.750000, 0.083333, 0.083333, 0.083333;
    ( Neutral, StronUp, StrongUp ) 0.625000, 0.125000, 0.125000, 0.125000;
    ( Down, StronUp, StrongUp ) 0.071429, 0.357143, 0.214286, 0.357143;
    ( StrongUp, WeakUp, StrongUp ) 0.642857, 0.214286, 0.071429, 0.071429;
    ( WeakUp, WeakUp, StrongUp ) 0.611111, 0.277778, 0.055556, 0.055556;
    ( Neutral, WeakUp, StrongUp ) 0.071429, 0.785714, 0.071429, 0.071429;
    ( Down, WeakUp, StrongUp ) 0.416667, 0.083333, 0.416667, 0.083333;
    ( StrongUp, Neutral, StrongUp ) 0.750000, 0.083333, 0.138889, 0.027778;
    ( WeakUp, Neutral, StrongUp ) 0.194444, 0.638889, 0.138889, 0.027778;
    ( Neutral, Neutral, StrongUp ) 0.166667, 0.547619, 0.261905, 0.023810;
    ( Down, Neutral, StrongUp ) 0.092593, 0.314815, 0.537037, 0.055556;
    ( StrongUp, Down, StrongUp ) 0.214286, 0.500000, 0.214286, 0.071429;
    ( WeakUp, Down, StrongUp ) 0.187500, 0.312500, 0.312500, 0.187500;
    ( Neutral, Down, StrongUp ) 0.150000, 0.450000, 0.350000, 0.050000;
    ( Down, Down, StrongUp ) 0.291667, 0.041667, 0.041667, 0.625000;
    ( StrongUp, StronUp, WeakUp ) 0.500000, 0.166667, 0.166667, 0.166667;
    ( WeakUp, StronUp, WeakUp ) 0.700000, 0.100000, 0.100000, 0.100000;
    ( Neutral, StronUp, WeakUp ) 0.208333, 0.458333, 0.291667, 0.041667;
    ( Down, StronUp, WeakUp ) 0.071429, 0.071429, 0.500000, 0.357143;
    ( StrongUp, WeakUp, WeakUp ) 0.375000, 0.375000, 0.125000, 0.125000;
    ( WeakUp, WeakUp, WeakUp ) 0.083333, 0.750000, 0.083333, 0.083333;
    ( Neutral, WeakUp, WeakUp ) 0.083333, 0.416667, 0.416667, 0.083333;
    ( Down, WeakUp, WeakUp ) 0.062500, 0.062500, 0.562500, 0.312500;
    ( StrongUp, Neutral, WeakUp ) 0.138889, 0.583333, 0.250000, 0.027778;
    ( WeakUp, Neutral, WeakUp ) 0.022727, 0.568182, 0.386364, 0.022727;
    ( Neutral, Neutral, WeakUp ) 0.026316, 0.342105, 0.605263, 0.026316;
    ( Down, Neutral, WeakUp ) 0.026316, 0.131579, 0.447368, 0.394737;
    ( StrongUp, Down, WeakUp ) 0.187500, 0.312500, 0.437500, 0.062500;
    ( WeakUp, Down, WeakUp ) 0.045455, 0.045455, 0.863636, 0.045455;
    ( Neutral, Down, WeakUp ) 0.038462, 0.115385, 0.423077, 0.423077;
    ( Down, Down, WeakUp ) 0.062500, 0.312500, 0.187500, 0.437500;
    ( StrongUp, StronUp, Neutral ) 0.791667, 0.125000, 0.041667, 0.041667;
    ( WeakUp, StronUp, Neutral ) 0.289474, 0.552632, 0.131579, 0.026316;
    ( Neutral, StronUp, Neutral ) 0.295455, 0.522727, 0.159091, 0.022727;
    ( Down, StronUp, Neutral ) 0.166667, 0.166667, 0.633333, 0.033333;
    ( StrongUp, WeakUp, Neutral ) 0.138889, 0.694444, 0.138889, 0.027778;
    ( WeakUp, WeakUp, Neutral ) 0.017241, 0.637931, 0.327586, 0.017241;
    ( Neutral, WeakUp, Neutral ) 0.029412, 0.500000, 0.441176, 0.029412;
    ( Down, WeakUp, Neutral ) 0.026316, 0.078947, 0.710526, 0.184211;
    ( StrongUp, Neutral, Neutral ) 0.171233, 0.650685, 0.171233, 0.006849;
    ( WeakUp, Neutral, Neutral ) 0.007143, 0.335714, 0.650000, 0.007143;
    ( Neutral, Neutral, Neutral ) 0.007042, 0.007042, 0.978873, 0.007042;
    ( Down, Neutral, Neutral ) 0.006849, 0.006849, 0.595890, 0.390411;
    ( StrongUp, Down, Neutral ) 0.112903, 0.274194, 0.564516, 0.048387;
    ( WeakUp, Down, Neutral ) 0.021739, 0.239130, 0.369565, 0.369565;
    ( Neutral, Down, Neutral ) 0.019231, 0.019231, 0.711538, 0.250000;
    ( Down, Down, Neutral ) 0.017241, 0.017241, 0.258621, 0.706897;
    ( StrongUp, StronUp, Down ) 0.187500, 0.312500, 0.312500, 0.187500;
    ( WeakUp, StronUp, Down ) 0.055556, 0.277778, 0.500000, 0.166667;
    ( Neutral, StronUp, Down ) 0.107143, 0.178571, 0.607143, 0.107143;
    ( Down, StronUp, Down ) 0.055556, 0.055556, 0.388889, 0.500000;
    ( StrongUp, WeakUp, Down ) 0.166667, 0.500000, 0.166667, 0.166667;
    ( WeakUp, WeakUp, Down ) 0.055556, 0.277778, 0.611111, 0.055556;
    ( Neutral, WeakUp, Down ) 0.050000, 0.050000, 0.450000, 0.450000;
    ( Down, WeakUp, Down ) 0.062500, 0.187500, 0.187500, 0.562500;
    ( StrongUp, Neutral, Down ) 0.026316, 0.131579, 0.763158, 0.078947;
    ( WeakUp, Neutral, Down ) 0.016129, 0.112903, 0.596774, 0.274194;
    ( Neutral, Neutral, Down ) 0.023810, 0.023810, 0.690476, 0.261905;
    ( Down, Neutral, Down ) 0.020833, 0.020833, 0.395833, 0.562500;
    ( StrongUp, Down, Down ) 0.093750, 0.093750, 0.156250, 0.656250;
    ( WeakUp, Down, Down ) 0.033333, 0.100000, 0.233333, 0.633333;
    ( Neutral, Down, Down ) 0.029412, 0.029412, 0.205882, 0.735294;
    ( Down, Down, Down ) 0.055556, 0.055556, 0.055556, 0.833333;
};

probability ( AreaMeso_ALS | CombVerMo ) {
    ( StrongUp ) 0.985437, 0.004854, 0.004854, 0.004854;
    ( WeakUp ) 0.001908, 0.994275, 0.001908, 0.001908;
    ( Neutral ) 0.001114, 0.001114, 0.996659, 0.001114;
    ( Down ) 0.002809, 0.002809, 0.002809, 0.991573;
};

probability ( SatContMoist ) {
    table 0.151623, 0.194219, 0.403144, 0.251014;
};

probability ( RaoContMoist ) {
    table 0.135396, 0.206389, 0.410243, 0.247972;
};

probability ( CombMoisture | SatContMoist, RaoContMoist ) {
    ( VeryWet, VeryWet ) 0.875000, 0.075000, 0.025000, 0.025000;
    ( Wet, VeryWet ) 0.560606, 0.348485, 0.075758, 0.015152;
    ( Neutral, VeryWet ) 0.291667, 0.291667, 0.325000, 0.091667;
    ( Dry, VeryWet ) 0.196429, 0.303571, 0.267857, 0.232143;
    ( VeryWet, Wet ) 0.576923, 0.346154, 0.064103, 0.012821;
    ( Wet, Wet ) 0.166667, 0.628205, 0.192308, 0.012821;
    ( Neutral, Wet ) 0.216049, 0.290123, 0.487654, 0.006173;
    ( Dry, Wet ) 0.259615, 0.278846, 0.182692, 0.278846;
    ( VeryWet, Neutral ) 0.362903, 0.459677, 0.169355, 0.008065;
    ( Wet, Neutral ) 0.083333, 0.403846, 0.416667, 0.096154;
    ( Neutral, Neutral ) 0.003067, 0.174847, 0.671779, 0.150307;
    ( Dry, Neutral ) 0.298165, 0.233945, 0.206422, 0.261468;
    ( VeryWet, Dry ) 0.430556, 0.208333, 0.263889, 0.097222;
    ( Wet, Dry ) 0.153061, 0.295918, 0.275510, 0.275510;
    ( Neutral, Dry ) 0.004950, 0.113861, 0.371287, 0.509901;
    ( Dry, Dry ) 0.250000, 0.295455, 0.295455, 0.159091;
};

probability ( AreaMoDryAir | AreaMeso_ALS, CombMoisture ) {
    ( StrongUp, VeryWet ) 0.948276, 0.017241, 0.017241, 0.017241;
    ( WeakUp, VeryWet ) 0.887931, 0.094828, 0.008621, 0.008621;
    ( Neutral, VeryWet ) 0.695876, 0.283505, 0.015464, 0.005155;
    ( Down, VeryWet ) 0.202703, 0.662162, 0.121622, 0.013514;
    ( StrongUp, Wet ) 0.690476, 0.261905, 0.023810, 0.023810;
    ( WeakUp, Wet ) 0.256944, 0.631944, 0.104167, 0.006944;
    ( Neutral, Wet ) 0.212687, 0.623134, 0.160448, 0.003731;
    ( Down, Wet ) 0.045455, 0.500000, 0.318182, 0.136364;
    ( StrongUp, Neutral ) 0.058140, 0.500000, 0.430233, 0.011628;
    ( WeakUp, Neutral ) 0.015000, 0.395000, 0.555000, 0.035000;
    ( Neutral, Neutral ) 0.010563, 0.095070, 0.757042, 0.137324;
    ( Down, Neutral ) 0.008475, 0.093220, 0.533898, 0.364407;
    ( StrongUp, Dry ) 0.031250, 0.218750, 0.656250, 0.093750;
    ( WeakUp, Dry ) 0.013158, 0.013158, 0.328947, 0.644737;
    ( Neutral, Dry ) 0.006098, 0.006098, 0.262195, 0.725610;
    ( Down, Dry ) 0.015152, 0.015152, 0.045455, 0.924242;
};

probability ( VISCloudCov ) {
    table 0.095890, 0.503805, 0.400304;
};

probability ( IRCloudCover ) {
    table 0.140538, 0.489599, 0.369863;
};

probability ( CombClouds | VISCloudCov, IRCloudCover ) {
    ( Cloudy, Cloudy ) 0.870968, 0.096774, 0.032258;
    ( PC, Cloudy ) 0.414966, 0.551020, 0.034014;
    ( Clear, Cloudy ) 0.214953, 0.401869, 0.383178;
    ( Cloudy, PC ) 0.873684, 0.115789, 0.010526;
    ( PC, PC ) 0.123173, 0.787056, 0.089770;
    ( Clear, PC ) 0.022556, 0.268170, 0.709273;
    ( Cloudy, Clear ) 0.774648, 0.070423, 0.154930;
    ( PC, Clear ) 0.056000, 0.498667, 0.445333;
    ( Clear, Clear ) 0.003436, 0.051546, 0.945017;
};

probability ( CldShadeOth | AreaMoDryAir, AreaMeso_ALS, CombClouds ) {
    ( VeryWet, StrongUp, Cloudy ) 0.846154, 0.076923, 0.076923;
    ( Wet, StrongUp, Cloudy ) 0.777778, 0.111111, 0.111111;
    ( Neutral, StrongUp, Cloudy ) 0.777778, 0.111111, 0.111111;
    ( Dry, StrongUp, Cloudy ) 0.333333, 0.333333, 0.333333;
    ( VeryWet, WeakUp, Cloudy ) 0.931035, 0.034483, 0.034483;
    ( Wet, WeakUp, Cloudy ) 0.870968, 0.096774, 0.032258;
    ( Neutral, WeakUp, Cloudy ) 0.478261, 0.478261, 0.043478;
    ( Dry, WeakUp, Cloudy ) 0.647059, 0.294118, 0.058824;
    ( VeryWet, Neutral, Cloudy ) 0.878788, 0.090909, 0.030303;
    ( Wet, Neutral, Cloudy ) 0.771429, 0.200000, 0.028571;
    ( Neutral, Neutral, Cloudy ) 0.639344, 0.278689, 0.081967;
    ( Dry, Neutral, Cloudy ) 0.674419, 0.255814, 0.069767;
    ( VeryWet, Down, Cloudy ) 0.600000, 0.200000, 0.200000;
    ( Wet, Down, Cloudy ) 0.714286, 0.238095, 0.047619;
    ( Neutral, Down, Cloudy ) 0.440000, 0.520000, 0.040000;
    ( Dry, Down, Cloudy ) 0.428571, 0.523810, 0.047619;
    ( VeryWet, StrongUp, PC ) 0.846154, 0.128205, 0.025641;
    ( Wet, StrongUp, PC ) 0.517241, 0.448276, 0.034483;
    ( Neutral, StrongUp, PC ) 0.407407, 0.555556, 0.037037;
    ( Dry, StrongUp, PC ) 0.333333, 0.333333, 0.333333;
    ( VeryWet, WeakUp, PC ) 0.446809, 0.531915, 0.021277;
    ( Wet, WeakUp, PC ) 0.317647, 0.529412, 0.152941;
    ( Neutral, WeakUp, PC ) 0.146667, 0.760000, 0.093333;
    ( Dry, WeakUp, PC ) 0.047619, 0.809524, 0.142857;
    ( VeryWet, Neutral, PC ) 0.182796, 0.806452, 0.010753;
    ( Wet, Neutral, PC ) 0.044248, 0.893805, 0.061947;
    ( Neutral, Neutral, PC ) 0.008403, 0.848740, 0.142857;
    ( Dry, Neutral, PC ) 0.017544, 0.684211, 0.298246;
    ( VeryWet, Down, PC ) 0.111111, 0.333333, 0.555556;
    ( Wet, Down, PC ) 0.021277, 0.319149, 0.659574;
    ( Neutral, Down, PC ) 0.018868, 0.773585, 0.207547;
    ( Dry, Down, PC ) 0.098039, 0.647059, 0.254902;
    ( VeryWet, StrongUp, Clear ) 0.255814, 0.395349, 0.348837;
    ( Wet, StrongUp, Clear ) 0.172414, 0.241379, 0.586207;
    ( Neutral, StrongUp, Clear ) 0.241379, 0.448276, 0.310345;
    ( Dry, StrongUp, Clear ) 0.200000, 0.200000, 0.600000;
    ( VeryWet, WeakUp, Clear ) 0.041096, 0.506849, 0.452055;
    ( Wet, WeakUp, Clear ) 0.014085, 0.352113, 0.633803;
    ( Neutral, WeakUp, Clear ) 0.016949, 0.220339, 0.762712;
    ( Dry, WeakUp, Clear ) 0.040000, 0.280000, 0.680000;
    ( VeryWet, Neutral, Clear ) 0.040000, 0.253333, 0.706667;
    ( Wet, Neutral, Clear ) 0.009346, 0.102804, 0.887850;
    ( Neutral, Neutral, Clear ) 0.007752, 0.007752, 0.984496;
    ( Dry, Neutral, Clear ) 0.015385, 0.076923, 0.907692;
    ( VeryWet, Down, Clear ) 0.076923, 0.076923, 0.846154;
    ( Wet, Down, Clear ) 0.018868, 0.018868, 0.962264;
    ( Neutral, Down, Clear ) 0.027027, 0.027027, 0.945946;
    ( Dry, Down, Clear ) 0.018868, 0.018868, 0.962264;
};

probability ( AMInstabMt ) {
    table 0.334348, 0.324201, 0.341451;
};

probability ( InsInMt | CldShadeOth, AMInstabMt ) {
    ( Cloudy, None ) 0.879699, 0.112782, 0.007519;
    ( PC, None ) 0.590361, 0.405622, 0.004016;
    ( Clear, None ) 0.466667, 0.382456, 0.150877;
    ( Cloudy, Weak ) 0.020408, 0.414966, 0.564626;
    ( PC, Weak ) 0.003584, 0.405018, 0.591398;
    ( Clear, Weak ) 0.004525, 0.085973, 0.909502;
    ( Cloudy, Strong ) 0.007299, 0.080292, 0.912409;
    ( PC, Strong ) 0.003690, 0.003690, 0.992620;
    ( Clear, Strong ) 0.003663, 0.003663, 0.992674;
};

probability ( WndHodograph ) {
    table 0.307809, 0.259128, 0.257099, 0.175963;
};

probability ( OutflowFrMt | InsInMt, WndHodograph ) {
    ( None, DCVZFavor ) 0.982906, 0.008547, 0.008547;
    ( Weak, DCVZFavor ) 0.527559, 0.291339, 0.181102;
    ( Strong, DCVZFavor ) 0.029650, 0.482480, 0.487871;
    ( None, StrongWest ) 0.980952, 0.009524, 0.009524;
    ( Weak, StrongWest ) 0.154472, 0.430894, 0.414634;
    ( Strong, StrongWest ) 0.017182, 0.168385, 0.814433;
    ( None, Westerly ) 0.982301, 0.008850, 0.008850;
    ( Weak, Westerly ) 0.352381, 0.600000, 0.047619;
    ( Strong, Westerly ) 0.090909, 0.218855, 0.690236;
    ( None, Other ) 0.972603, 0.013699, 0.013699;
    ( Weak, Other ) 0.746835, 0.240506, 0.012658;
    ( Strong, Other ) 0.665025, 0.221675, 0.113300;
};

probability ( MorningBound ) {
    table 0.491629, 0.357686, 0.150685;
};

probability ( Boundaries | OutflowFrMt, WndHodograph, MorningBound ) {
    ( None, DCVZFavor, None ) 0.318681, 0.648352, 0.032967;
    ( Weak, DCVZFavor, None ) 0.298969, 0.608247, 0.092784;
    ( Strong, DCVZFavor, None ) 0.009346, 0.570093, 0.420561;
    ( None, StrongWest, None ) 0.714286, 0.269841, 0.015873;
    ( Weak, StrongWest, None ) 0.176471, 0.725490, 0.098039;
    ( Strong, StrongWest, None ) 0.006536, 0.568627, 0.424837;
    ( None, Westerly, None ) 0.724138, 0.241379, 0.034483;
    ( Weak, Westerly, None ) 0.081967, 0.868852, 0.049180;
    ( Strong, Westerly, None ) 0.009901, 0.683168, 0.306931;
    ( None, Other, None ) 0.806897, 0.158621, 0.034483;
    ( Weak, Other, None ) 0.515152, 0.393939, 0.090909;
    ( Strong, Other, None ) 0.066667, 0.600000, 0.333333;
    ( None, DCVZFavor, Weak ) 0.325301, 0.518072, 0.156627;
    ( Weak, DCVZFavor, Weak ) 0.101124, 0.483146, 0.415730;
    ( Strong, DCVZFavor, Weak ) 0.014493, 0.333333, 0.652174;
    ( None, StrongWest, Weak ) 0.361702, 0.531915, 0.106383;
    ( Weak, StrongWest, Weak ) 0.142857, 0.771429, 0.085714;
    ( Strong, StrongWest, Weak ) 0.011236, 0.438202, 0.550562;
    ( None, Westerly, Weak ) 0.397260, 0.424658, 0.178082;
    ( Weak, Westerly, Weak ) 0.090909, 0.745455, 0.163636;
    ( Strong, Westerly, Weak ) 0.011765, 0.458824, 0.529412;
    ( None, Other, Weak ) 0.360000, 0.493333, 0.146667;
    ( Weak, Other, Weak ) 0.172414, 0.517241, 0.310345;
    ( Strong, Other, Weak ) 0.090909, 0.636364, 0.272727;
    ( None, DCVZFavor, Strong ) 0.120000, 0.120000, 0.760000;
    ( Weak, DCVZFavor, Strong ) 0.027027, 0.135135, 0.837838;
    ( Strong, DCVZFavor, Strong ) 0.028571, 0.142857, 0.828571;
    ( None, StrongWest, Strong ) 0.565217, 0.130435, 0.304348;
    ( Weak, StrongWest, Strong ) 0.043478, 0.478261, 0.478261;
    ( Strong, StrongWest, Strong ) 0.018868, 0.169811, 0.811321;
    ( None, Westerly, Strong ) 0.142857, 0.523810, 0.333333;
    ( Weak, Westerly, Strong ) 0.052632, 0.473684, 0.473684;
    ( Strong, Westerly, Strong ) 0.032258, 0.225806, 0.741935;
    ( None, Other, Strong ) 0.137255, 0.176471, 0.686275;
    ( Weak, Other, Strong ) 0.111111, 0.333333, 0.555556;
    ( Strong, Other, Strong ) 0.200000, 0.200000, 0.600000;
};

probability ( CldShadeConv | InsInMt, WndHodograph ) {
    ( None, DCVZFavor ) 0.982906, 0.008547, 0.008547;
    ( Weak, DCVZFavor ) 0.291339, 0.637795, 0.070866;
    ( Strong, DCVZFavor ) 0.002695, 0.320755, 0.676550;
    ( None, StrongWest ) 0.980952, 0.009524, 0.009524;
    ( Weak, StrongWest ) 0.268293, 0.609756, 0.121951;
    ( Strong, StrongWest ) 0.003436, 0.195876, 0.800687;
    ( None, Westerly ) 0.982301, 0.008850, 0.008850;
    ( Weak, Westerly ) 0.428571, 0.523810, 0.047619;
    ( Strong, Westerly ) 0.104377, 0.434343, 0.461279;
    ( None, Other ) 0.972603, 0.013699, 0.013699;
    ( Weak, Other ) 0.848101, 0.113924, 0.037975;
    ( Strong, Other ) 0.576355, 0.300493, 0.123153;
};

probability ( CompPlFcst | Boundaries, CldShadeConv, AreaMeso_ALS, CldShadeOth ) {
    ( None, None, StrongUp, Cloudy ) 0.428571, 0.142857, 0.428571;
    ( Weak, None, StrongUp, Cloudy ) 0.368421, 0.157895, 0.473684;
    ( Strong, None, StrongUp, Cloudy ) 0.636364, 0.272727, 0.090909;
    ( None, Some, StrongUp, Cloudy ) 0.555556, 0.111111, 0.333333;
    ( Weak, Some, StrongUp, Cloudy ) 0.294118, 0.294118, 0.411765;
    ( Strong, Some, StrongUp, Cloudy ) 0.076923, 0.230769, 0.692308;
    ( None, Marked, StrongUp, Cloudy ) 0.333333, 0.333333, 0.333333;
    ( Weak, Marked, StrongUp, Cloudy ) 0.238095, 0.333333, 0.428571;
    ( Strong, Marked, StrongUp, Cloudy ) 0.272727, 0.454545, 0.272727;
    ( None, None, WeakUp, Cloudy ) 0.629630, 0.185185, 0.185185;
    ( Weak, None, WeakUp, Cloudy ) 0.555556, 0.333333, 0.111111;
    ( Strong, None, WeakUp, Cloudy ) 0.428571, 0.428571, 0.142857;
    ( None, Some, WeakUp, Cloudy ) 0.714286, 0.142857, 0.142857;
    ( Weak, Some, WeakUp, Cloudy ) 0.280000, 0.360000, 0.360000;
    ( Strong, Some, WeakUp, Cloudy ) 0.130435, 0.391304, 0.478261;
    ( None, Marked, WeakUp, Cloudy ) 0.600000, 0.200000, 0.200000;
    ( Weak, Marked, WeakUp, Cloudy ) 0.714286, 0.142857, 0.142857;
    ( Strong, Marked, WeakUp, Cloudy ) 0.866667, 0.066667, 0.066667;
    ( None, None, Neutral, Cloudy ) 0.612903, 0.354839, 0.032258;
    ( Weak, None, Neutral, Cloudy ) 0.555556, 0.333333, 0.111111;
    ( Strong, None, Neutral, Cloudy ) 0.684211, 0.157895, 0.157895;
    ( None, Some, Neutral, Cloudy ) 0.272727, 0.454545, 0.272727;
    ( Weak, Some, Neutral, Cloudy ) 0.600000, 0.333333, 0.066667;
    ( Strong, Some, Neutral, Cloudy ) 0.230769, 0.692308, 0.076923;
    ( None, Marked, Neutral, Cloudy ) 0.600000, 0.200000, 0.200000;
    ( Weak, Marked, Neutral, Cloudy ) 0.586207, 0.379310, 0.034483;
    ( Strong, Marked, Neutral, Cloudy ) 0.578947, 0.368421, 0.052632;
    ( None, None, Down, Cloudy ) 0.636364, 0.272727, 0.090909;
    ( Weak, None, Down, Cloudy ) 0.538462, 0.384615, 0.076923;
    ( Strong, None, Down, Cloudy ) 0.428571, 0.142857, 0.428571;
    ( None, Some, Down, Cloudy ) 0.333333, 0.333333, 0.333333;
    ( Weak, Some, Down, Cloudy ) 0.333333, 0.555556, 0.111111;
    ( Strong, Some, Down, Cloudy ) 0.200000, 0.600000, 0.200000;
    ( None, Marked, Down, Cloudy ) 0.333333, 0.333333, 0.333333;
    ( Weak, Marked, Down, Cloudy ) 0.714286, 0.142857, 0.142857;
    ( Strong, Marked, Down, Cloudy ) 0.714286, 0.142857, 0.142857;
    ( None, None, StrongUp, PC ) 0.272727, 0.272727, 0.454545;
    ( Weak, None, StrongUp, PC ) 0.090909, 0.090909, 0.818182;
    ( Strong, None, StrongUp, PC ) 0.200000, 0.200000, 0.600000;
    ( None, Some, StrongUp, PC ) 0.428571, 0.428571, 0.142857;
    ( Weak, Some, StrongUp, PC ) 0.111111, 0.555556, 0.333333;
    ( Strong, Some, StrongUp, PC ) 0.090909, 0.636364, 0.272727;
    ( None, Marked, StrongUp, PC ) 0.200000, 0.200000, 0.600000;
    ( Weak, Marked, StrongUp, PC ) 0.090909, 0.636364, 0.272727;
    ( Strong, Marked, StrongUp, PC ) 0.238095, 0.523810, 0.238095;
    ( None, None, WeakUp, PC ) 0.422222, 0.333333, 0.244444;
    ( Weak, None, WeakUp, PC ) 0.272727, 0.515152, 0.212121;
    ( Strong, None, WeakUp, PC ) 0.157895, 0.263158, 0.578947;
    ( None, Some, WeakUp, PC ) 0.200000, 0.600000, 0.200000;
    ( Weak, Some, WeakUp, PC ) 0.333333, 0.515152, 0.151515;
    ( Strong, Some, WeakUp, PC ) 0.103448, 0.448276, 0.448276;
    ( None, Marked, WeakUp, PC ) 0.333333, 0.555556, 0.111111;
    ( Weak, Marked, WeakUp, PC ) 0.560976, 0.365854, 0.073171;
    ( Strong, Marked, WeakUp, PC ) 0.446809, 0.234043, 0.319149;
    ( None, None, Neutral, PC ) 0.396825, 0.492063, 0.111111;
    ( Weak, None, Neutral, PC ) 0.441860, 0.348837, 0.209302;
    ( Strong, None, Neutral, PC ) 0.542857, 0.257143, 0.200000;
    ( None, Some, Neutral, PC ) 0.478261, 0.304348, 0.217391;
    ( Weak, Some, Neutral, PC ) 0.396825, 0.428571, 0.174603;
    ( Strong, Some, Neutral, PC ) 0.333333, 0.333333, 0.333333;
    ( None, Marked, Neutral, PC ) 0.538462, 0.384615, 0.076923;
    ( Weak, Marked, Neutral, PC ) 0.523810, 0.301587, 0.174603;
    ( Strong, Marked, Neutral, PC ) 0.508772, 0.298246, 0.192982;
    ( None, None, Down, PC ) 0.600000, 0.360000, 0.040000;
    ( Weak, None, Down, PC ) 0.809524, 0.047619, 0.142857;
    ( Strong, None, Down, PC ) 0.600000, 0.200000, 0.200000;
    ( None, Some, Down, PC ) 0.636364, 0.272727, 0.090909;
    ( Weak, Some, Down, PC ) 0.818182, 0.151515, 0.030303;
    ( Strong, Some, Down, PC ) 0.411765, 0.411765, 0.176471;
    ( None, Marked, Down, PC ) 0.714286, 0.142857, 0.142857;
    ( Weak, Marked, Down, PC ) 0.636364, 0.272727, 0.090909;
    ( Strong, Marked, Down, PC ) 0.454545, 0.454545, 0.090909;
    ( None, None, StrongUp, Clear ) 0.272727, 0.090909, 0.636364;
    ( Weak, None, StrongUp, Clear ) 0.200000, 0.200000, 0.600000;
    ( Strong, None, StrongUp, Clear ) 0.142857, 0.142857, 0.714286;
    ( None, Some, StrongUp, Clear ) 0.600000, 0.200000, 0.200000;
    ( Weak, Some, StrongUp, Clear ) 0.111111, 0.333333, 0.555556;
    ( Strong, Some, StrongUp, Clear ) 0.142857, 0.428571, 0.428571;
    ( None, Marked, StrongUp, Clear ) 0.428571, 0.428571, 0.142857;
    ( Weak, Marked, StrongUp, Clear ) 0.428571, 0.142857, 0.428571;
    ( Strong, Marked, StrongUp, Clear ) 0.333333, 0.333333, 0.333333;
    ( None, None, WeakUp, Clear ) 0.161290, 0.419355, 0.419355;
    ( Weak, None, WeakUp, Clear ) 0.257143, 0.371429, 0.371429;
    ( Strong, None, WeakUp, Clear ) 0.238095, 0.333333, 0.428571;
    ( None, Some, WeakUp, Clear ) 0.142857, 0.428571, 0.428571;
    ( Weak, Some, WeakUp, Clear ) 0.290323, 0.419355, 0.290323;
    ( Strong, Some, WeakUp, Clear ) 0.090909, 0.454545, 0.454545;
    ( None, Marked, WeakUp, Clear ) 0.555556, 0.111111, 0.333333;
    ( Weak, Marked, WeakUp, Clear ) 0.407407, 0.555556, 0.037037;
    ( Strong, Marked, WeakUp, Clear ) 0.272727, 0.272727, 0.454545;
    ( None, None, Neutral, Clear ) 0.365854, 0.365854, 0.268293;
    ( Weak, None, Neutral, Clear ) 0.236364, 0.490909, 0.272727;
    ( Strong, None, Neutral, Clear ) 0.142857, 0.238095, 0.619048;
    ( None, Some, Neutral, Clear ) 0.384615, 0.230769, 0.384615;
    ( Weak, Some, Neutral, Clear ) 0.118644, 0.525424, 0.355932;
    ( Strong, Some, Neutral, Clear ) 0.142857, 0.485714, 0.371429;
    ( None, Marked, Neutral, Clear ) 0.555556, 0.407407, 0.037037;
    ( Weak, Marked, Neutral, Clear ) 0.397590, 0.397590, 0.204819;
    ( Strong, Marked, Neutral, Clear ) 0.373134, 0.253731, 0.373134;
    ( None, None, Down, Clear ) 0.238095, 0.619048, 0.142857;
    ( Weak, None, Down, Clear ) 0.371429, 0.371429, 0.257143;
    ( Strong, None, Down, Clear ) 0.777778, 0.111111, 0.111111;
    ( None, Some, Down, Clear ) 0.333333, 0.600000, 0.066667;
    ( Weak, Some, Down, Clear ) 0.483871, 0.419355, 0.096774;
    ( Strong, Some, Down, Clear ) 0.555556, 0.407407, 0.037037;
    ( None, Marked, Down, Clear ) 0.600000, 0.200000, 0.200000;
    ( Weak, Marked, Down, Clear ) 0.574468, 0.319149, 0.106383;
    ( Strong, Marked, Down, Clear ) 0.675676, 0.189189, 0.135135;
};

probability ( CapChange | CompPlFcst ) {
    ( IncCapDecIns ) 0.001198, 0.001198, 0.997605;
    ( LittleChange ) 0.001427, 0.997147, 0.001427;
    ( DecCapIncIns ) 0.995465, 0.002268, 0.002268;
};

probability ( LoLevMoistAd ) {
    table 0.124239, 0.283469, 0.305781, 0.286511;
};

probability ( InsChange | LoLevMoistAd, CompPlFcst ) {
    ( StrongPos, IncCapDecIns ) 0.010753, 0.075269, 0.913979;
    ( WeakPos, IncCapDecIns ) 0.078189, 0.201646, 0.720165;
    ( Neutral, IncCapDecIns ) 0.139442, 0.442231, 0.418327;
    ( Negative, IncCapDecIns ) 0.463035, 0.424125, 0.112840;
    ( StrongPos, LittleChange ) 0.010753, 0.204301, 0.784946;
    ( WeakPos, LittleChange ) 0.086294, 0.451777, 0.461929;
    ( Neutral, LittleChange ) 0.194570, 0.583710, 0.221719;
    ( Negative, LittleChange ) 0.748744, 0.195980, 0.055276;
    ( StrongPos, DecCapIncIns ) 0.014925, 0.134328, 0.850746;
    ( WeakPos, DecCapIncIns ) 0.244094, 0.480315, 0.275591;
    ( Neutral, DecCapIncIns ) 0.266187, 0.467626, 0.266187;
    ( Negative, DecCapIncIns ) 0.914530, 0.076923, 0.008547;
};

probability ( MountainFcst | InsInMt ) {
    ( None ) 0.994987, 0.002506, 0.002506;
    ( Weak ) 0.397647, 0.571765, 0.030588;
    ( Strong ) 0.191674, 0.484822, 0.323504;
};

probability ( Date ) {
    table 0.237589, 0.129179, 0.107903, 0.217325, 0.075481, 0.232523;
};

probability ( Scenario | Date ) {
    ( May15_Jun14 ) 0.098121, 0.156576, 0.081420, 0.106472, 0.068894, 0.006263, 0.052192, 0.098121, 0.106472, 0.031315, 0.194154;
    ( Jun15_Jul1 ) 0.056604, 0.139623, 0.056604, 0.094340, 0.101887, 0.041509, 0.147170, 0.056604, 0.056604, 0.101887, 0.147170;
    ( Jul2_Jul15 ) 0.031390, 0.112108, 0.121076, 0.147982, 0.112108, 0.013453, 0.156951, 0.022422, 0.031390, 0.210762, 0.040359;
    ( Jul16_Aug10 ) 0.043280, 0.116173, 0.079727, 0.047836, 0.207289, 0.066059, 0.052392, 0.038724, 0.075171, 0.148064, 0.125285;
    ( Aug11_Aug20 ) 0.031447, 0.119497, 0.157233, 0.081761, 0.169811, 0.018868, 0.044025, 0.056604, 0.106918, 0.119497, 0.094340;
    ( Aug20_Sep15 ) 0.053305, 0.104478, 0.108742, 0.057569, 0.121535, 0.023454, 0.125800, 0.074627, 0.066098, 0.100213, 0.164179;
};

probability ( ScenRelAMCIN | Scenario ) {
    ( A ) 0.991228, 0.008772;
    ( B ) 0.996032, 0.003968;
    ( C ) 0.005319, 0.994681;
    ( D ) 0.006024, 0.993976;
    ( E ) 0.003906, 0.996094;
    ( F ) 0.017857, 0.982143;
    ( G ) 0.005435, 0.994565;
    ( H ) 0.008065, 0.991935;
    ( I ) 0.006667, 0.993333;
    ( J ) 0.004630, 0.995370;
    ( K ) 0.003521, 0.996479;
};

probability ( MorningCIN ) {
    table 0.135396, 0.564402, 0.206389, 0.093813;
};

probability ( AMCINInScen | ScenRelAMCIN, MorningCIN ) {
    ( AB, None ) 0.971014, 0.014493, 0.014493;
    ( CThruK, None ) 0.802956, 0.192118, 0.004926;
    ( AB, PartInhibit ) 0.530055, 0.377049, 0.092896;
    ( CThruK, PartInhibit ) 0.289840, 0.597861, 0.112299;
    ( AB, Stifling ) 0.218391, 0.402299, 0.379310;
    ( CThruK, Stifling ) 0.027692, 0.440000, 0.532308;
    ( AB, TotalInhibit ) 0.028571, 0.142857, 0.828571;
    ( CThruK, TotalInhibit ) 0.006452, 0.058065, 0.935484;
};

probability ( CapInScen | AMCINInScen, CapChange ) {
    ( LessThanAve, Decreasing ) 0.986755, 0.006623, 0.006623;
    ( Average, Decreasing ) 0.661692, 0.333333, 0.004975;
    ( MoreThanAve, Decreasing ) 0.200000, 0.326316, 0.473684;
    ( LessThanAve, LittleChange ) 0.980861, 0.014354, 0.004785;
    ( Average, LittleChange ) 0.035831, 0.915309, 0.048860;
    ( MoreThanAve, LittleChange ) 0.005236, 0.036649, 0.958115;
    ( LessThanAve, Increasing ) 0.382900, 0.263941, 0.353160;
    ( Average, Increasing ) 0.002833, 0.314448, 0.682720;
    ( MoreThanAve, Increasing ) 0.004566, 0.004566, 0.990868;
};

probability ( ScenRelAMIns | Scenario ) {
    ( A ) 0.957627, 0.008475, 0.008475, 0.008475, 0.008475, 0.008475;
    ( B ) 0.980469, 0.003906, 0.003906, 0.003906, 0.003906, 0.003906;
    ( C ) 0.005208, 0.973958, 0.005208, 0.005208, 0.005208, 0.005208;
    ( D ) 0.005882, 0.970588, 0.005882, 0.005882, 0.005882, 0.005882;
    ( E ) 0.003846, 0.980769, 0.003846, 0.003846, 0.003846, 0.003846;
    ( F ) 0.016667, 0.016667, 0.916667, 0.016667, 0.016667, 0.016667;
    ( G ) 0.005319, 0.005319, 0.005319, 0.973404, 0.005319, 0.005319;
    ( H ) 0.007812, 0.007812, 0.007812, 0.007812, 0.960938, 0.007812;
    ( I ) 0.967532, 0.006494, 0.006494, 0.006494, 0.006494, 0.006494;
    ( J ) 0.004545, 0.977273, 0.004545, 0.004545, 0.004545, 0.004545;
    ( K ) 0.003472, 0.003472, 0.003472, 0.003472, 0.003472, 0.982639;
};

probability ( LIfr12ZDENSd ) {
    table 0.104970, 0.503550, 0.300710, 0.090771;
};

probability ( AMDewptCalPl ) {
    table 0.309995, 0.245053, 0.444952;
};

probability ( AMInsWliScen | ScenRelAMIns, LIfr12ZDENSd, AMDewptCalPl ) {
    ( ABI, LIGt0, Instability ) 0.600000, 0.280000, 0.120000;
    ( CDEJ, LIGt0, Instability ) 0.419355, 0.354839, 0.225806;
    ( F, LIGt0, Instability ) 0.600000, 0.200000, 0.200000;
    ( G, LIGt0, Instability ) 0.230769, 0.230769, 0.538462;
    ( H, LIGt0, Instability ) 0.600000, 0.200000, 0.200000;
    ( K, LIGt0, Instability ) 0.333333, 0.600000, 0.066667;
    ( ABI, N1GtLIGt_4, Instability ) 0.425287, 0.310345, 0.264368;
    ( CDEJ, N1GtLIGt_4, Instability ) 0.136000, 0.280000, 0.584000;
    ( F, N1GtLIGt_4, Instability ) 0.111111, 0.333333, 0.555556;
    ( G, N1GtLIGt_4, Instability ) 0.225806, 0.290323, 0.483871;
    ( H, N1GtLIGt_4, Instability ) 0.052632, 0.263158, 0.684211;
    ( K, N1GtLIGt_4, Instability ) 0.179487, 0.384615, 0.435897;
    ( ABI, N5GtLIGt_8, Instability ) 0.073171, 0.170732, 0.756098;
    ( CDEJ, N5GtLIGt_8, Instability ) 0.011236, 0.213483, 0.775281;
    ( F, N5GtLIGt_8, Instability ) 0.142857, 0.142857, 0.714286;
    ( G, N5GtLIGt_8, Instability ) 0.176471, 0.176471, 0.647059;
    ( H, N5GtLIGt_8, Instability ) 0.090909, 0.090909, 0.818182;
    ( K, N5GtLIGt_8, Instability ) 0.090909, 0.393939, 0.515152;
    ( ABI, LILt_8, Instability ) 0.058824, 0.058824, 0.882353;
    ( CDEJ, LILt_8, Instability ) 0.034483, 0.034483, 0.931035;
    ( F, LILt_8, Instability ) 0.200000, 0.200000, 0.600000;
    ( G, LILt_8, Instability ) 0.111111, 0.333333, 0.555556;
    ( H, LILt_8, Instability ) 0.142857, 0.142857, 0.714286;
    ( K, LILt_8, Instability ) 0.076923, 0.076923, 0.846154;
    ( ABI, LIGt0, Neutral ) 0.647059, 0.294118, 0.058824;
    ( CDEJ, LIGt0, Neutral ) 0.428571, 0.428571, 0.142857;
    ( F, LIGt0, Neutral ) 0.333333, 0.333333, 0.333333;
    ( G, LIGt0, Neutral ) 0.428571, 0.428571, 0.142857;
    ( H, LIGt0, Neutral ) 0.714286, 0.142857, 0.142857;
    ( K, LIGt0, Neutral ) 0.454545, 0.454545, 0.090909;
    ( ABI, N1GtLIGt_4, Neutral ) 0.538462, 0.261538, 0.200000;
    ( CDEJ, N1GtLIGt_4, Neutral ) 0.200000, 0.460870, 0.339130;
    ( F, N1GtLIGt_4, Neutral ) 0.047619, 0.714286, 0.238095;
    ( G, N1GtLIGt_4, Neutral ) 0.142857, 0.619048, 0.238095;
    ( H, N1GtLIGt_4, Neutral ) 0.058824, 0.529412, 0.411765;
    ( K, N1GtLIGt_4, Neutral ) 0.191489, 0.617021, 0.191489;
    ( ABI, N5GtLIGt_8, Neutral ) 0.272727, 0.393939, 0.333333;
    ( CDEJ, N5GtLIGt_8, Neutral ) 0.230769, 0.292308, 0.476923;
    ( F, N5GtLIGt_8, Neutral ) 0.111111, 0.111111, 0.777778;
    ( G, N5GtLIGt_8, Neutral ) 0.142857, 0.428571, 0.428571;
    ( H, N5GtLIGt_8, Neutral ) 0.090909, 0.272727, 0.636364;
    ( K, N5GtLIGt_8, Neutral ) 0.230769, 0.230769, 0.538462;
    ( ABI, LILt_8, Neutral ) 0.076923, 0.384615, 0.538462;
    ( CDEJ, LILt_8, Neutral ) 0.052632, 0.052632, 0.894737;
    ( F, LILt_8, Neutral ) 0.333333, 0.333333, 0.333333;
    ( G, LILt_8, Neutral ) 0.200000, 0.200000, 0.600000;
    ( H, LILt_8, Neutral ) 0.200000, 0.600000, 0.200000;
    ( K, LILt_8, Neutral ) 0.200000, 0.600000, 0.200000;
    ( ABI, LIGt0, Stability ) 0.920000, 0.040000, 0.040000;
    ( CDEJ, LIGt0, Stability ) 0.878788, 0.090909, 0.030303;
    ( F, LIGt0, Stability ) 0.714286, 0.142857, 0.142857;
    ( G, LIGt0, Stability ) 0.733333, 0.200000, 0.066667;
    ( H, LIGt0, Stability ) 0.428571, 0.428571, 0.142857;
    ( K, LIGt0, Stability ) 0.692308, 0.076923, 0.230769;
    ( ABI, N1GtLIGt_4, Stability ) 0.712000, 0.232000, 0.056000;
    ( CDEJ, N1GtLIGt_4, Stability ) 0.707602, 0.239766, 0.052632;
    ( F, N1GtLIGt_4, Stability ) 0.454545, 0.454545, 0.090909;
    ( G, N1GtLIGt_4, Stability ) 0.116279, 0.581395, 0.302326;
    ( H, N1GtLIGt_4, Stability ) 0.333333, 0.333333, 0.333333;
    ( K, N1GtLIGt_4, Stability ) 0.342466, 0.534247, 0.123288;
    ( ABI, N5GtLIGt_8, Stability ) 0.518987, 0.392405, 0.088608;
    ( CDEJ, N5GtLIGt_8, Stability ) 0.504425, 0.380531, 0.115044;
    ( F, N5GtLIGt_8, Stability ) 0.142857, 0.714286, 0.142857;
    ( G, N5GtLIGt_8, Stability ) 0.047619, 0.714286, 0.238095;
    ( H, N5GtLIGt_8, Stability ) 0.085714, 0.371429, 0.542857;
    ( K, N5GtLIGt_8, Stability ) 0.170732, 0.414634, 0.414634;
    ( ABI, LILt_8, Stability ) 0.578947, 0.157895, 0.263158;
    ( CDEJ, LILt_8, Stability ) 0.162791, 0.348837, 0.488372;
    ( F, LILt_8, Stability ) 0.333333, 0.333333, 0.333333;
    ( G, LILt_8, Stability ) 0.066667, 0.466667, 0.466667;
    ( H, LILt_8, Stability ) 0.142857, 0.428571, 0.428571;
    ( K, LILt_8, Stability ) 0.200000, 0.066667, 0.733333;
};

probability ( InsSclInScen | AMInsWliScen, InsChange ) {
    ( LessUnstable, Decreasing ) 0.988950, 0.005525, 0.005525;
    ( Average, Decreasing ) 0.672515, 0.321637, 0.005848;
    ( MoreUnstable, Decreasing ) 0.268293, 0.346341, 0.385366;
    ( LessUnstable, LittleChange ) 0.861472, 0.134199, 0.004329;
    ( Average, LittleChange ) 0.159817, 0.744292, 0.095890;
    ( MoreUnstable, LittleChange ) 0.004115, 0.119342, 0.876543;
    ( LessUnstable, Increasing ) 0.385768, 0.340824, 0.273408;
    ( Average, Increasing ) 0.003831, 0.356322, 0.639847;
    ( MoreUnstable, Increasing ) 0.004608, 0.004608, 0.990783;
};

probability ( ScenRel3_4 | Scenario ) {
    ( A ) 0.965812, 0.008547, 0.008547, 0.008547, 0.008547;
    ( B ) 0.003922, 0.984314, 0.003922, 0.003922, 0.003922;
    ( C ) 0.979058, 0.005236, 0.005236, 0.005236, 0.005236;
    ( D ) 0.005917, 0.005917, 0.976331, 0.005917, 0.005917;
    ( E ) 0.984556, 0.003861, 0.003861, 0.003861, 0.003861;
    ( F ) 0.932203, 0.016949, 0.016949, 0.016949, 0.016949;
    ( G ) 0.005348, 0.005348, 0.005348, 0.978610, 0.005348;
    ( H ) 0.007874, 0.007874, 0.007874, 0.007874, 0.968504;
    ( I ) 0.006536, 0.006536, 0.006536, 0.006536, 0.973856;
    ( J ) 0.004566, 0.004566, 0.004566, 0.981735, 0.004566;
    ( K ) 0.986063, 0.003484, 0.003484, 0.003484, 0.003484;
};

probability ( LatestCIN ) {
    table 0.408215, 0.405172, 0.137424, 0.049189;
};

probability ( LLIW ) {
    table 0.126268, 0.313895, 0.378803, 0.181034;
};

probability ( CurPropConv | LatestCIN, LLIW ) {
    ( None, Unfavorable ) 0.725000, 0.241667, 0.025000, 0.008333;
    ( PartInhibit, Unfavorable ) 0.836538, 0.105769, 0.048077, 0.009615;
    ( Stifling, Unfavorable ) 0.906250, 0.031250, 0.031250, 0.031250;
    ( TotalInhibit, Unfavorable ) 0.625000, 0.125000, 0.125000, 0.125000;
    ( None, Weak ) 0.103053, 0.484733, 0.309160, 0.103053;
    ( PartInhibit, Weak ) 0.660000, 0.252000, 0.076000, 0.012000;
    ( Stifling, Weak ) 0.602273, 0.352273, 0.034091, 0.011364;
    ( TotalInhibit, Weak ) 0.911765, 0.029412, 0.029412, 0.029412;
    ( None, Moderate ) 0.010949, 0.127737, 0.383212, 0.478102;
    ( PartInhibit, Moderate ) 0.212575, 0.362275, 0.314371, 0.110778;
    ( Stifling, Moderate ) 0.361111, 0.379630, 0.231481, 0.027778;
    ( TotalInhibit, Moderate ) 0.847826, 0.065217, 0.065217, 0.021739;
    ( None, Strong ) 0.006098, 0.030488, 0.201220, 0.762195;
    ( PartInhibit, Strong ) 0.007937, 0.087302, 0.373016, 0.531746;
    ( Stifling, Strong ) 0.189655, 0.431034, 0.327586, 0.051724;
    ( TotalInhibit, Strong ) 0.541667, 0.375000, 0.041667, 0.041667;
};

probability ( ScnRelPlFcst | Scenario ) {
    ( A ) 0.918699, 0.008130, 0.008130, 0.008130, 0.008130, 0.008130, 0.008130, 0.008130, 0.008130, 0.008130, 0.008130;
    ( B ) 0.003831, 0.961686, 0.003831, 0.003831, 0.003831, 0.003831, 0.003831, 0.003831, 0.003831, 0.003831, 0.003831;
    ( C ) 0.005076, 0.005076, 0.949239, 0.005076, 0.005076, 0.005076, 0.005076, 0.005076, 0.005076, 0.005076, 0.005076;
    ( D ) 0.005714, 0.005714, 0.005714, 0.942857, 0.005714, 0.005714, 0.005714, 0.005714, 0.005714, 0.005714, 0.005714;
    ( E ) 0.003774, 0.003774, 0.003774, 0.003774, 0.962264, 0.003774, 0.003774, 0.003774, 0.003774, 0.003774, 0.003774;
    ( F ) 0.015385, 0.015385, 0.015385, 0.015385, 0.015385, 0.846154, 0.015385, 0.015385, 0.015385, 0.015385, 0.015385;
