// Bayesian Network (Learned via EM)

variable N0_7muVerMo {
  type discrete [ 4 ] = { "StrongUp", "WeakUp", "Neutral", "Down" };
};
variable SubjVertMo {
  type discrete [ 4 ] = { "StronUp", "WeakUp", "Neutral", "Down" };
};
variable QGVertMotion {
  type discrete [ 4 ] = { "StrongUp", "WeakUp", "Neutral", "Down" };
};
variable CombVerMo {
  type discrete [ 4 ] = { "StrongUp", "WeakUp", "Neutral", "Down" };
};
variable AreaMeso_ALS {
  type discrete [ 4 ] = { "StrongUp", "WeakUp", "Neutral", "Down" };
};
variable SatContMoist {
  type discrete [ 4 ] = { "VeryWet", "Wet", "Neutral", "Dry" };
};
variable RaoContMoist {
  type discrete [ 4 ] = { "VeryWet", "Wet", "Neutral", "Dry" };
};
variable CombMoisture {
  type discrete [ 4 ] = { "VeryWet", "Wet", "Neutral", "Dry" };
};
variable AreaMoDryAir {
  type discrete [ 4 ] = { "VeryWet", "Wet", "Neutral", "Dry" };
};
variable VISCloudCov {
  type discrete [ 3 ] = { "Cloudy", "PC", "Clear" };
};
variable IRCloudCover {
  type discrete [ 3 ] = { "Cloudy", "PC", "Clear" };
};
variable CombClouds {
  type discrete [ 3 ] = { "Cloudy", "PC", "Clear" };
};
variable CldShadeOth {
  type discrete [ 3 ] = { "Cloudy", "PC", "Clear" };
};
variable AMInstabMt {
  type discrete [ 3 ] = { "None", "Weak", "Strong" };
};
variable InsInMt {
  type discrete [ 3 ] = { "None", "Weak", "Strong" };
};
variable WndHodograph {
  type discrete [ 4 ] = { "DCVZFavor", "StrongWest", "Westerly", "Other" };
};
variable OutflowFrMt {
  type discrete [ 3 ] = { "None", "Weak", "Strong" };
};
variable MorningBound {
  type discrete [ 3 ] = { "None", "Weak", "Strong" };
};
variable Boundaries {
  type discrete [ 3 ] = { "None", "Weak", "Strong" };
};
variable CldShadeConv {
  type discrete [ 3 ] = { "None", "Some", "Marked" };
};
variable CompPlFcst {
  type discrete [ 3 ] = { "IncCapDecIns", "LittleChange", "DecCapIncIns" };
};
variable CapChange {
  type discrete [ 3 ] = { "Decreasing", "LittleChange", "Increasing" };
};
variable LoLevMoistAd {
  type discrete [ 4 ] = { "StrongPos", "WeakPos", "Neutral", "Negative" };
};
variable InsChange {
  type discrete [ 3 ] = { "Decreasing", "LittleChange", "Increasing" };
};
variable MountainFcst {
  type discrete [ 3 ] = { "XNIL", "SIG", "SVR" };
};
variable Date {
  type discrete [ 6 ] = { "May15_Jun14", "Jun15_Jul1", "Jul2_Jul15", "Jul16_Aug10", "Aug11_Aug20", "Aug20_Sep15" };
};
variable Scenario {
  type discrete [ 11 ] = { "A", "B", "C", "D", "E", "F", "G", "H", "I", "J", "K" };
};
variable ScenRelAMCIN {
  type discrete [ 2 ] = { "AB", "CThruK" };
};
variable MorningCIN {
  type discrete [ 4 ] = { "None", "PartInhibit", "Stifling", "TotalInhibit" };
};
variable AMCINInScen {
  type discrete [ 3 ] = { "LessThanAve", "Average", "MoreThanAve" };
};
variable CapInScen {
  type discrete [ 3 ] = { "LessThanAve", "Average", "MoreThanAve" };
};
variable ScenRelAMIns {
  type discrete [ 6 ] = { "ABI", "CDEJ", "F", "G", "H", "K" };
};
variable LIfr12ZDENSd {
  type discrete [ 4 ] = { "LIGt0", "N1GtLIGt_4", "N5GtLIGt_8", "LILt_8" };
};
variable AMDewptCalPl {
  type discrete [ 3 ] = { "Instability", "Neutral", "Stability" };
};
variable AMInsWliScen {
  type discrete [ 3 ] = { "LessUnstable", "Average", "MoreUnstable" };
};
variable InsSclInScen {
  type discrete [ 3 ] = { "LessUnstable", "Average", "MoreUnstable" };
};
variable ScenRel3_4 {
  type discrete [ 5 ] = { "ACEFK", "B", "D", "GJ", "HI" };
};
variable LatestCIN {
  type discrete [ 4 ] = { "None", "PartInhibit", "Stifling", "TotalInhibit" };
};
variable LLIW {
  type discrete [ 4 ] = { "Unfavorable", "Weak", "Moderate", "Strong" };
};
variable CurPropConv {
  type discrete [ 4 ] = { "None", "Slight", "Moderate", "Strong" };
};
variable ScnRelPlFcst {
  type discrete [ 11 ] = { "A", "B", "C", "D", "E", "F", "G", "H", "I", "J", "K" };
};
variable PlainsFcst {
  type discrete [ 3 ] = { "XNIL", "SIG", "SVR" };
};
variable N34StarFcst {
  type discrete [ 3 ] = { "XNIL", "SIG", "SVR" };
};
variable R5Fcst {
  type discrete [ 3 ] = { "XNIL", "SIG", "SVR" };
};
variable Dewpoints {
  type discrete [ 7 ] = { "LowEvrywhere", "LowAtStation", "LowSHighN", "LowNHighS", "LowMtsHighPl", "HighEvrywher", "Other" };
};
variable LowLLapse {
  type discrete [ 4 ] = { "CloseToDryAd", "Steep", "ModerateOrLe", "Stable" };
};
variable MeanRH {
  type discrete [ 3 ] = { "VeryMoist", "Average", "Dry" };
};
variable MidLLapse {
  type discrete [ 3 ] = { "CloseToDryAd", "Steep", "ModerateOrLe" };
};
variable MvmtFeatures {
  type discrete [ 4 ] = { "StrongFront", "MarkedUpper", "OtherRapid", "NoMajor" };
};
variable RHRatio {
  type discrete [ 3 ] = { "MoistMDryL", "DryMMoistL", "Other" };
};
variable SfcWndShfDis {
  type discrete [ 7 ] = { "DenvCyclone", "E_W_N", "E_W_S", "MovingFtorOt", "DryLine", "None", "Other" };
};
variable SynForcng {
  type discrete [ 5 ] = { "SigNegative", "NegToPos", "SigPositive", "PosToNeg", "LittleChange" };
};
variable TempDis {
  type discrete [ 4 ] = { "QStationary", "Moving", "None", "Other" };
};
variable WindAloft {
  type discrete [ 4 ] = { "LV", "SWQuad", "NWQuad", "AllElse" };
};
variable WindFieldMt {
  type discrete [ 2 ] = { "Westerly", "LVorOther" };
};
variable WindFieldPln {
  type discrete [ 6 ] = { "LV", "DenvCyclone", "LongAnticyc", "E_NE", "SEQuad", "WidespdDnsl" };
};
probability ( N0_7muVerMo ) {
    table 0.257506, 0.250972, 0.242104, 0.249417;
};

probability ( SubjVertMo ) {
    table 0.148901, 0.148658, 0.500670, 0.201771;
};

probability ( QGVertMotion ) {
    table 0.145655, 0.152591, 0.491965, 0.209789;
};

probability ( CombVerMo | N0_7muVerMo, SubjVertMo, QGVertMotion ) {
    ( "StrongUp", "StronUp", "StrongUp" ) 0.978310, 0.011967, 0.008975, 0.000748;
    ( "StrongUp", "StronUp", "WeakUp" ) 0.884852, 0.108374, 0.003079, 0.003695;
    ( "StrongUp", "StronUp", "Neutral" ) 0.768959, 0.138154, 0.092299, 0.000588;
    ( "StrongUp", "StronUp", "Down" ) 0.183603, 0.415127, 0.308314, 0.092956;
    ( "StrongUp", "WeakUp", "StrongUp" ) 0.810559, 0.174534, 0.014286, 0.000621;
    ( "StrongUp", "WeakUp", "WeakUp" ) 0.679807, 0.312953, 0.006436, 0.000805;
    ( "StrongUp", "WeakUp", "Neutral" ) 0.167004, 0.702429, 0.128543, 0.002024;
    ( "StrongUp", "WeakUp", "Down" ) 0.107168, 0.329854, 0.455115, 0.107864;
    ( "StrongUp", "Neutral", "StrongUp" ) 0.664141, 0.257155, 0.075337, 0.003367;
    ( "StrongUp", "Neutral", "WeakUp" ) 0.105390, 0.707493, 0.185583, 0.001534;
    ( "StrongUp", "Neutral", "Neutral" ) 0.200553, 0.584287, 0.213976, 0.001184;
    ( "StrongUp", "Neutral", "Down" ) 0.112069, 0.231879, 0.556474, 0.099578;
    ( "StrongUp", "Down", "StrongUp" ) 0.305726, 0.422802, 0.161554, 0.109918;
    ( "StrongUp", "Down", "WeakUp" ) 0.200536, 0.282574, 0.434853, 0.082038;
    ( "StrongUp", "Down", "Neutral" ) 0.101581, 0.245328, 0.529947, 0.123143;
    ( "StrongUp", "Down", "Down" ) 0.104752, 0.077754, 0.231102, 0.586393;
    ( "WeakUp", "StronUp", "StrongUp" ) 0.878999, 0.097357, 0.022949, 0.000695;
    ( "WeakUp", "StronUp", "WeakUp" ) 0.688555, 0.302689, 0.005629, 0.003127;
    ( "WeakUp", "StronUp", "Neutral" ) 0.153846, 0.625418, 0.220067, 0.000669;
    ( "WeakUp", "StronUp", "Down" ) 0.096983, 0.290230, 0.492098, 0.120690;
    ( "WeakUp", "WeakUp", "StrongUp" ) 0.590585, 0.374465, 0.034237, 0.000713;
    ( "WeakUp", "WeakUp", "WeakUp" ) 0.002776, 0.988895, 0.007773, 0.000555;
    ( "WeakUp", "WeakUp", "Neutral" ) 0.003711, 0.675943, 0.316017, 0.004329;
    ( "WeakUp", "WeakUp", "Down" ) 0.000716, 0.174785, 0.661891, 0.162607;
    ( "WeakUp", "Neutral", "StrongUp" ) 0.141472, 0.677505, 0.176650, 0.004373;
    ( "WeakUp", "Neutral", "WeakUp" ) 0.004449, 0.680356, 0.310917, 0.004278;
    ( "WeakUp", "Neutral", "Neutral" ) 0.005042, 0.344586, 0.645550, 0.004822;
    ( "WeakUp", "Neutral", "Down" ) 0.001549, 0.134392, 0.483153, 0.380906;
    ( "WeakUp", "Down", "StrongUp" ) 0.114650, 0.318896, 0.433121, 0.133333;
    ( "WeakUp", "Down", "WeakUp" ) 0.010718, 0.230662, 0.584343, 0.174278;
    ( "WeakUp", "Down", "Neutral" ) 0.003848, 0.149591, 0.503608, 0.342953;
    ( "WeakUp", "Down", "Down" ) 0.000547, 0.121511, 0.189381, 0.688560;
    ( "Neutral", "StronUp", "StrongUp" ) 0.737974, 0.178202, 0.083012, 0.000812;
    ( "Neutral", "StronUp", "WeakUp" ) 0.180223, 0.650908, 0.162263, 0.006606;
    ( "Neutral", "StronUp", "Neutral" ) 0.123333, 0.576458, 0.299375, 0.000833;
    ( "Neutral", "StronUp", "Down" ) 0.119012, 0.186115, 0.576493, 0.118379;
    ( "Neutral", "WeakUp", "StrongUp" ) 0.112835, 0.728432, 0.156821, 0.001912;
    ( "Neutral", "WeakUp", "WeakUp" ) 0.001327, 0.734597, 0.259337, 0.004739;
    ( "Neutral", "WeakUp", "Neutral" ) 0.002453, 0.342698, 0.647269, 0.007581;
    ( "Neutral", "WeakUp", "Down" ) 0.001806, 0.174070, 0.517154, 0.306970;
    ( "Neutral", "Neutral", "StrongUp" ) 0.182134, 0.584590, 0.227948, 0.005327;
    ( "Neutral", "Neutral", "WeakUp" ) 0.002226, 0.279364, 0.711177, 0.007233;
    ( "Neutral", "Neutral", "Neutral" ) 0.001840, 0.015520, 0.977733, 0.004907;
    ( "Neutral", "Neutral", "Down" ) 0.000841, 0.009550, 0.678799, 0.310811;
    ( "Neutral", "Down", "StrongUp" ) 0.068989, 0.186771, 0.626457, 0.117783;
    ( "Neutral", "Down", "WeakUp" ) 0.001452, 0.182426, 0.483079, 0.333043;
    ( "Neutral", "Down", "Neutral" ) 0.001116, 0.004464, 0.692651, 0.301769;
    ( "Neutral", "Down", "Down" ) 0.000155, 0.002636, 0.327388, 0.669820;
    ( "Down", "StronUp", "StrongUp" ) 0.222509, 0.433849, 0.303265, 0.040378;
    ( "Down", "StronUp", "WeakUp" ) 0.113312, 0.352833, 0.411331, 0.122524;
    ( "Down", "StronUp", "Neutral" ) 0.041237, 0.193013, 0.667812, 0.097938;
    ( "Down", "StronUp", "Down" ) 0.107029, 0.054712, 0.277955, 0.560304;
    ( "Down", "WeakUp", "StrongUp" ) 0.063404, 0.326809, 0.478723, 0.131064;
    ( "Down", "WeakUp", "WeakUp" ) 0.000442, 0.201592, 0.683024, 0.114943;
    ( "Down", "WeakUp", "Neutral" ) 0.000451, 0.152596, 0.426637, 0.420316;
    ( "Down", "WeakUp", "Down" ) 0.000504, 0.124874, 0.171702, 0.702920;
    ( "Down", "Neutral", "StrongUp" ) 0.120267, 0.218741, 0.585535, 0.075456;
    ( "Down", "Neutral", "WeakUp" ) 0.000609, 0.189012, 0.367524, 0.442855;
    ( "Down", "Neutral", "Neutral" ) 0.000140, 0.007010, 0.733913, 0.258937;
    ( "Down", "Neutral", "Down" ) 0.000149, 0.005809, 0.335567, 0.658475;
    ( "Down", "Down", "StrongUp" ) 0.082265, 0.109330, 0.152778, 0.655627;
    ( "Down", "Down", "WeakUp" ) 0.002864, 0.086887, 0.170592, 0.739656;
    ( "Down", "Down", "Neutral" ) 0.000327, 0.000327, 0.408883, 0.590464;
    ( "Down", "Down", "Down" ) 0.000396, 0.000396, 0.021361, 0.977848;
};

probability ( AreaMeso_ALS | CombVerMo ) {
    ( "StrongUp" ) 0.990028, 0.006898, 0.002615, 0.000458;
    ( "WeakUp" ) 0.003232, 0.989642, 0.006207, 0.000920;
    ( "Neutral" ) 0.000938, 0.003465, 0.992385, 0.003212;
    ( "Down" ) 0.000209, 0.001399, 0.006389, 0.992004;
};

probability ( SatContMoist ) {
    table 0.154900, 0.198890, 0.401776, 0.244435;
};

probability ( RaoContMoist ) {
    table 0.153038, 0.200748, 0.398936, 0.247279;
};

probability ( CombMoisture | SatContMoist, RaoContMoist ) {
    ( "VeryWet", "VeryWet" ) 0.876120, 0.117656, 0.006073, 0.000152;
    ( "VeryWet", "Wet" ) 0.539709, 0.409685, 0.050121, 0.000484;
    ( "VeryWet", "Neutral" ) 0.225745, 0.294636, 0.364064, 0.115554;
    ( "VeryWet", "Dry" ) 0.231928, 0.295866, 0.226227, 0.245978;
    ( "Wet", "VeryWet" ) 0.604814, 0.336231, 0.057172, 0.001783;
    ( "Wet", "Wet" ) 0.126380, 0.602281, 0.204286, 0.067053;
    ( "Wet", "Neutral" ) 0.101393, 0.332211, 0.505461, 0.060936;
    ( "Wet", "Dry" ) 0.233203, 0.302941, 0.200287, 0.263569;
    ( "Neutral", "VeryWet" ) 0.281254, 0.500377, 0.213846, 0.004523;
    ( "Neutral", "Wet" ) 0.050110, 0.425861, 0.426337, 0.097692;
    ( "Neutral", "Neutral" ) 0.003669, 0.160556, 0.670206, 0.165569;
    ( "Neutral", "Dry" ) 0.247807, 0.240137, 0.262855, 0.249202;
    ( "Dry", "VeryWet" ) 0.269881, 0.353317, 0.233508, 0.143294;
    ( "Dry", "Wet" ) 0.120302, 0.302101, 0.288362, 0.289235;
    ( "Dry", "Neutral" ) 0.005276, 0.114782, 0.352871, 0.527070;
    ( "Dry", "Dry" ) 0.238931, 0.266558, 0.238328, 0.256183;
};

probability ( AreaMoDryAir | AreaMeso_ALS, CombMoisture ) {
    ( "StrongUp", "VeryWet" ) 0.990541, 0.007800, 0.001494, 0.000166;
    ( "StrongUp", "Wet" ) 0.781700, 0.213787, 0.002038, 0.002475;
    ( "StrongUp", "Neutral" ) 0.701911, 0.276904, 0.019207, 0.001977;
    ( "StrongUp", "Dry" ) 0.255142, 0.690177, 0.049480, 0.005202;
    ( "WeakUp", "VeryWet" ) 0.742461, 0.252295, 0.005135, 0.000109;
    ( "WeakUp", "Wet" ) 0.325245, 0.573661, 0.099216, 0.001877;
    ( "WeakUp", "Neutral" ) 0.185697, 0.599667, 0.212645, 0.001991;
    ( "WeakUp", "Dry" ) 0.069608, 0.372059, 0.426307, 0.132025;
    ( "Neutral", "VeryWet" ) 0.240739, 0.503162, 0.246863, 0.009236;
    ( "Neutral", "Wet" ) 0.013497, 0.380720, 0.544206, 0.061577;
    ( "Neutral", "Neutral" ) 0.009143, 0.092217, 0.804546, 0.094094;
    ( "Neutral", "Dry" ) 0.001814, 0.060634, 0.515476, 0.422077;
    ( "Down", "VeryWet" ) 0.008341, 0.263282, 0.538894, 0.189483;
    ( "Down", "Wet" ) 0.002102, 0.027540, 0.431222, 0.539136;
    ( "Down", "Neutral" ) 0.003714, 0.002915, 0.284391, 0.708980;
    ( "Down", "Dry" ) 0.002484, 0.005307, 0.016936, 0.975274;
};

probability ( VISCloudCov ) {
    table 0.104620, 0.498740, 0.396640;
};

probability ( IRCloudCover ) {
    table 0.148518, 0.449025, 0.402457;
};

probability ( CombClouds | VISCloudCov, IRCloudCover ) {
    ( "Cloudy", "Cloudy" ) 0.938367, 0.058104, 0.003529;
    ( "Cloudy", "PC" ) 0.468483, 0.492906, 0.038612;
    ( "Cloudy", "Clear" ) 0.105781, 0.394600, 0.499619;
    ( "PC", "Cloudy" ) 0.837505, 0.138450, 0.024045;
    ( "PC", "PC" ) 0.091357, 0.803335, 0.105308;
    ( "PC", "Clear" ) 0.029103, 0.263612, 0.707285;
    ( "Clear", "Cloudy" ) 0.790642, 0.104172, 0.105186;
    ( "Clear", "PC" ) 0.047475, 0.475759, 0.476766;
    ( "Clear", "Clear" ) 0.000483, 0.025715, 0.973803;
};

probability ( CldShadeOth | AreaMoDryAir, AreaMeso_ALS, CombClouds ) {
    ( "VeryWet", "StrongUp", "Cloudy" ) 0.998492, 0.001131, 0.000377;
    ( "VeryWet", "StrongUp", "PC" ) 0.935286, 0.061989, 0.002725;
    ( "VeryWet", "StrongUp", "Clear" ) 0.957732, 0.037113, 0.005155;
    ( "VeryWet", "WeakUp", "Cloudy" ) 0.989305, 0.005348, 0.005348;
    ( "VeryWet", "WeakUp", "PC" ) 0.912099, 0.087211, 0.000689;
    ( "VeryWet", "WeakUp", "Clear" ) 0.901263, 0.089093, 0.009644;
    ( "VeryWet", "Neutral", "Cloudy" ) 0.840062, 0.159014, 0.000924;
    ( "VeryWet", "Neutral", "PC" ) 0.571513, 0.426113, 0.002374;
    ( "VeryWet", "Neutral", "Clear" ) 0.947451, 0.050047, 0.002502;
    ( "VeryWet", "Down", "Cloudy" ) 0.778403, 0.219000, 0.002597;
    ( "VeryWet", "Down", "PC" ) 0.782920, 0.194954, 0.022126;
    ( "VeryWet", "Down", "Clear" ) 0.775413, 0.196315, 0.028272;
    ( "Wet", "StrongUp", "Cloudy" ) 0.803109, 0.189119, 0.007772;
    ( "Wet", "StrongUp", "PC" ) 0.669654, 0.308152, 0.022194;
    ( "Wet", "StrongUp", "Clear" ) 0.556050, 0.417223, 0.026726;
    ( "Wet", "WeakUp", "Cloudy" ) 0.426948, 0.570779, 0.002273;
    ( "Wet", "WeakUp", "PC" ) 0.865132, 0.131762, 0.003107;
    ( "Wet", "WeakUp", "Clear" ) 0.658338, 0.326670, 0.014992;
    ( "Wet", "Neutral", "Cloudy" ) 0.483719, 0.450212, 0.066069;
    ( "Wet", "Neutral", "PC" ) 0.337478, 0.660746, 0.001776;
    ( "Wet", "Neutral", "Clear" ) 0.432522, 0.537520, 0.029958;
    ( "Wet", "Down", "Cloudy" ) 0.232589, 0.588931, 0.178480;
    ( "Wet", "Down", "PC" ) 0.153495, 0.776479, 0.070026;
    ( "Wet", "Down", "Clear" ) 0.023262, 0.929645, 0.047092;
    ( "Neutral", "StrongUp", "Cloudy" ) 0.226678, 0.756839, 0.016484;
    ( "Neutral", "StrongUp", "PC" ) 0.012731, 0.885185, 0.102085;
    ( "Neutral", "StrongUp", "Clear" ) 0.019181, 0.868314, 0.112505;
    ( "Neutral", "WeakUp", "Cloudy" ) 0.017182, 0.778818, 0.204001;
    ( "Neutral", "WeakUp", "PC" ) 0.000679, 0.493886, 0.505435;
    ( "Neutral", "WeakUp", "Clear" ) 0.001424, 0.386086, 0.612490;
    ( "Neutral", "Neutral", "Cloudy" ) 0.006825, 0.713721, 0.279454;
    ( "Neutral", "Neutral", "PC" ) 0.048777, 0.652730, 0.298493;
    ( "Neutral", "Neutral", "Clear" ) 0.287629, 0.337988, 0.374383;
    ( "Neutral", "Down", "Cloudy" ) 0.156962, 0.421941, 0.421097;
    ( "Neutral", "Down", "PC" ) 0.109863, 0.485643, 0.404494;
    ( "Neutral", "Down", "Clear" ) 0.104061, 0.208122, 0.687817;
    ( "Dry", "StrongUp", "Cloudy" ) 0.059534, 0.490667, 0.449799;
    ( "Dry", "StrongUp", "PC" ) 0.008816, 0.277015, 0.714169;
    ( "Dry", "StrongUp", "Clear" ) 0.000504, 0.224159, 0.775338;
    ( "Dry", "WeakUp", "Cloudy" ) 0.000260, 0.135325, 0.864416;
    ( "Dry", "WeakUp", "PC" ) 0.011035, 0.267868, 0.721097;
    ( "Dry", "WeakUp", "Clear" ) 0.000546, 0.138547, 0.860908;
    ( "Dry", "Neutral", "Cloudy" ) 0.001137, 0.058796, 0.940067;
    ( "Dry", "Neutral", "PC" ) 0.001096, 0.035083, 0.963820;
    ( "Dry", "Neutral", "Clear" ) 0.000766, 0.049042, 0.950192;
    ( "Dry", "Down", "Cloudy" ) 0.000207, 0.016977, 0.982816;
    ( "Dry", "Down", "PC" ) 0.000144, 0.007498, 0.992358;
    ( "Dry", "Down", "Clear" ) 0.004163, 0.000269, 0.995569;
};

probability ( AMInstabMt ) {
    table 0.331001, 0.336209, 0.332789;
};

probability ( InsInMt | CldShadeOth, AMInstabMt ) {
    ( "Cloudy", "None" ) 0.861208, 0.123139, 0.015652;
    ( "Cloudy", "Weak" ) 0.600994, 0.375426, 0.023580;
    ( "Cloudy", "Strong" ) 0.507137, 0.331074, 0.161789;
    ( "PC", "None" ) 0.009760, 0.385738, 0.604502;
    ( "PC", "Weak" ) 0.001996, 0.401462, 0.596542;
    ( "PC", "Strong" ) 0.002636, 0.162529, 0.834835;
    ( "Clear", "None" ) 0.007179, 0.043281, 0.949540;
    ( "Clear", "Weak" ) 0.002076, 0.005477, 0.992447;
    ( "Clear", "Strong" ) 0.002799, 0.001786, 0.995415;
};

probability ( WndHodograph ) {
    table 0.301921, 0.249694, 0.246570, 0.201815;
};

probability ( OutflowFrMt | InsInMt, WndHodograph ) {
    ( "None", "DCVZFavor" ) 0.997577, 0.001575, 0.000848;
    ( "None", "StrongWest" ) 0.488512, 0.419705, 0.091783;
    ( "None", "Westerly" ) 0.045537, 0.440568, 0.513896;
    ( "None", "Other" ) 0.994973, 0.002410, 0.002617;
    ( "Weak", "DCVZFavor" ) 0.178470, 0.384350, 0.437179;
    ( "Weak", "StrongWest" ) 0.015114, 0.160638, 0.824248;
    ( "Weak", "Westerly" ) 0.995257, 0.001869, 0.002875;
    ( "Weak", "Other" ) 0.348901, 0.582552, 0.068548;
    ( "Strong", "DCVZFavor" ) 0.111744, 0.217083, 0.671172;
    ( "Strong", "StrongWest" ) 0.999817, 0.000091, 0.000091;
    ( "Strong", "Westerly" ) 0.792860, 0.191714, 0.015425;
    ( "Strong", "Other" ) 0.614410, 0.285939, 0.099651;
};

probability ( MorningBound ) {
    table 0.496299, 0.356938, 0.146763;
};

probability ( Boundaries | OutflowFrMt, WndHodograph, MorningBound ) {
    ( "None", "DCVZFavor", "None" ) 0.480645, 0.493524, 0.025831;
    ( "None", "DCVZFavor", "Weak" ) 0.276620, 0.646530, 0.076850;
    ( "None", "DCVZFavor", "Strong" ) 0.001919, 0.559291, 0.438790;
    ( "None", "StrongWest", "None" ) 0.728700, 0.238472, 0.032828;
    ( "None", "StrongWest", "Weak" ) 0.172343, 0.709639, 0.118018;
    ( "None", "StrongWest", "Strong" ) 0.002338, 0.512129, 0.485533;
    ( "None", "Westerly", "None" ) 0.781458, 0.205402, 0.013140;
    ( "None", "Westerly", "Weak" ) 0.159390, 0.727217, 0.113393;
    ( "None", "Westerly", "Strong" ) 0.000307, 0.691021, 0.308672;
    ( "None", "Other", "None" ) 0.726973, 0.246254, 0.026774;
    ( "None", "Other", "Weak" ) 0.415499, 0.508246, 0.076255;
    ( "None", "Other", "Strong" ) 0.019148, 0.744904, 0.235948;
    ( "Weak", "DCVZFavor", "None" ) 0.380336, 0.417206, 0.202458;
    ( "Weak", "DCVZFavor", "Weak" ) 0.094075, 0.521991, 0.383934;
    ( "Weak", "DCVZFavor", "Strong" ) 0.002741, 0.402056, 0.595203;
    ( "Weak", "StrongWest", "None" ) 0.492833, 0.409556, 0.097611;
    ( "Weak", "StrongWest", "Weak" ) 0.072157, 0.732750, 0.195092;
    ( "Weak", "StrongWest", "Strong" ) 0.000070, 0.405109, 0.594820;
    ( "Weak", "Westerly", "None" ) 0.344928, 0.521159, 0.133913;
    ( "Weak", "Westerly", "Weak" ) 0.054337, 0.794763, 0.150900;
    ( "Weak", "Westerly", "Strong" ) 0.004373, 0.499085, 0.496542;
    ( "Weak", "Other", "None" ) 0.281269, 0.583213, 0.135518;
    ( "Weak", "Other", "Weak" ) 0.255224, 0.632778, 0.111998;
    ( "Weak", "Other", "Strong" ) 0.025473, 0.466521, 0.508006;
    ( "Strong", "DCVZFavor", "None" ) 0.119739, 0.270291, 0.609970;
    ( "Strong", "DCVZFavor", "Weak" ) 0.011268, 0.250000, 0.738732;
    ( "Strong", "DCVZFavor", "Strong" ) 0.000219, 0.158922, 0.840859;
    ( "Strong", "StrongWest", "None" ) 0.297978, 0.383409, 0.318613;
    ( "Strong", "StrongWest", "Weak" ) 0.047239, 0.469062, 0.483699;
    ( "Strong", "StrongWest", "Strong" ) 0.000191, 0.209032, 0.790777;
    ( "Strong", "Westerly", "None" ) 0.225062, 0.384996, 0.389942;
    ( "Strong", "Westerly", "Weak" ) 0.059208, 0.482122, 0.458670;
    ( "Strong", "Westerly", "Strong" ) 0.000259, 0.191131, 0.808610;
    ( "Strong", "Other", "None" ) 0.044969, 0.367842, 0.587189;
    ( "Strong", "Other", "Weak" ) 0.046254, 0.294463, 0.659283;
    ( "Strong", "Other", "Strong" ) 0.002421, 0.169492, 0.828087;
};

probability ( CldShadeConv | InsInMt, WndHodograph ) {
    ( "None", "DCVZFavor" ) 0.994488, 0.004301, 0.001212;
    ( "None", "StrongWest" ) 0.343219, 0.566639, 0.090142;
    ( "None", "Westerly" ) 0.002345, 0.319213, 0.678442;
    ( "None", "Other" ) 0.996006, 0.002617, 0.001377;
    ( "Weak", "DCVZFavor" ) 0.209785, 0.680499, 0.109716;
    ( "Weak", "StrongWest" ) 0.002723, 0.199510, 0.797767;
    ( "Weak", "Westerly" ) 0.998347, 0.001581, 0.000072;
    ( "Weak", "Other" ) 0.516880, 0.438198, 0.044922;
    ( "Strong", "DCVZFavor" ) 0.098123, 0.493438, 0.408440;
    ( "Strong", "StrongWest" ) 0.999726, 0.000183, 0.000091;
    ( "Strong", "Westerly" ) 0.776289, 0.214279, 0.009431;
    ( "Strong", "Other" ) 0.504992, 0.385281, 0.109727;
};

probability ( CompPlFcst | Boundaries, CldShadeConv, AreaMeso_ALS, CldShadeOth ) {
    ( "None", "None", "StrongUp", "Cloudy" ) 0.322547, 0.347520, 0.329933;
    ( "None", "None", "StrongUp", "PC" ) 0.423518, 0.361186, 0.215296;
    ( "None", "None", "StrongUp", "Clear" ) 0.405427, 0.299282, 0.295291;
    ( "None", "None", "WeakUp", "Cloudy" ) 0.481013, 0.286392, 0.232595;
    ( "None", "None", "WeakUp", "PC" ) 0.302155, 0.341196, 0.356649;
    ( "None", "None", "WeakUp", "Clear" ) 0.349306, 0.314628, 0.336066;
    ( "None", "None", "Neutral", "Cloudy" ) 0.529412, 0.328976, 0.141612;
    ( "None", "None", "Neutral", "PC" ) 0.425239, 0.386922, 0.187838;
    ( "None", "None", "Neutral", "Clear" ) 0.267472, 0.425118, 0.307409;
    ( "None", "None", "Down", "Cloudy" ) 0.604341, 0.302016, 0.093643;
    ( "None", "None", "Down", "PC" ) 0.463835, 0.246230, 0.289935;
    ( "None", "None", "Down", "Clear" ) 0.317308, 0.436189, 0.246504;
    ( "None", "Some", "StrongUp", "Cloudy" ) 0.604454, 0.327678, 0.067869;
    ( "None", "Some", "StrongUp", "PC" ) 0.535569, 0.294971, 0.169461;
    ( "None", "Some", "StrongUp", "Clear" ) 0.398762, 0.198142, 0.403096;
    ( "None", "Some", "WeakUp", "Cloudy" ) 0.664234, 0.332117, 0.003650;
    ( "None", "Some", "WeakUp", "PC" ) 0.581020, 0.324831, 0.094149;
    ( "None", "Some", "WeakUp", "Clear" ) 0.467302, 0.343324, 0.189373;
    ( "None", "Some", "Neutral", "Cloudy" ) 0.658135, 0.312763, 0.029102;
    ( "None", "Some", "Neutral", "PC" ) 0.511463, 0.279948, 0.208589;
    ( "None", "Some", "Neutral", "Clear" ) 0.605536, 0.168685, 0.225779;
    ( "None", "Some", "Down", "Cloudy" ) 0.716398, 0.219086, 0.064516;
    ( "None", "Some", "Down", "PC" ) 0.576923, 0.323427, 0.099650;
    ( "None", "Some", "Down", "Clear" ) 0.589928, 0.192031, 0.218041;
    ( "None", "Marked", "StrongUp", "Cloudy" ) 0.691589, 0.282243, 0.026168;
    ( "None", "Marked", "StrongUp", "PC" ) 0.602092, 0.284363, 0.113546;
    ( "None", "Marked", "StrongUp", "Clear" ) 0.484448, 0.425739, 0.089813;
    ( "None", "Marked", "WeakUp", "Cloudy" ) 0.513455, 0.453175, 0.033369;
    ( "None", "Marked", "WeakUp", "PC" ) 0.513171, 0.456585, 0.030244;
    ( "None", "Marked", "WeakUp", "Clear" ) 0.762048, 0.117470, 0.120482;
    ( "None", "Marked", "Neutral", "Cloudy" ) 0.552347, 0.444043, 0.003610;
    ( "None", "Marked", "Neutral", "PC" ) 0.700730, 0.251095, 0.048175;
    ( "None", "Marked", "Neutral", "Clear" ) 0.329870, 0.548052, 0.122078;
    ( "None", "Marked", "Down", "Cloudy" ) 0.500000, 0.484375, 0.015625;
    ( "None", "Marked", "Down", "PC" ) 0.641892, 0.255068, 0.103041;
    ( "None", "Marked", "Down", "Clear" ) 0.661118, 0.263971, 0.074911;
    ( "Weak", "None", "StrongUp", "Cloudy" ) 0.067384, 0.368063, 0.564553;
    ( "Weak", "None", "StrongUp", "PC" ) 0.007653, 0.383291, 0.609056;
    ( "Weak", "None", "StrongUp", "Clear" ) 0.002278, 0.257403, 0.740319;
    ( "Weak", "None", "WeakUp", "Cloudy" ) 0.413592, 0.234951, 0.351456;
    ( "Weak", "None", "WeakUp", "PC" ) 0.082216, 0.270777, 0.647006;
    ( "Weak", "None", "WeakUp", "Clear" ) 0.066465, 0.572508, 0.361027;
    ( "Weak", "None", "Neutral", "Cloudy" ) 0.564220, 0.146789, 0.288991;
    ( "Weak", "None", "Neutral", "PC" ) 0.249573, 0.558120, 0.192308;
    ( "Weak", "None", "Neutral", "Clear" ) 0.168299, 0.322351, 0.509350;
    ( "Weak", "None", "Down", "Cloudy" ) 0.422630, 0.280255, 0.297115;
    ( "Weak", "None", "Down", "PC" ) 0.304173, 0.366032, 0.329795;
    ( "Weak", "None", "Down", "Clear" ) 0.148605, 0.352468, 0.498927;
    ( "Weak", "Some", "StrongUp", "Cloudy" ) 0.358768, 0.360107, 0.281125;
    ( "Weak", "Some", "StrongUp", "PC" ) 0.407921, 0.345396, 0.246683;
    ( "Weak", "Some", "StrongUp", "Clear" ) 0.187720, 0.442706, 0.369574;
    ( "Weak", "Some", "WeakUp", "Cloudy" ) 0.703085, 0.165810, 0.131105;
    ( "Weak", "Some", "WeakUp", "PC" ) 0.445510, 0.367959, 0.186531;
    ( "Weak", "Some", "WeakUp", "Clear" ) 0.346889, 0.396714, 0.256396;
    ( "Weak", "Some", "Neutral", "Cloudy" ) 0.450986, 0.414311, 0.134703;
    ( "Weak", "Some", "Neutral", "PC" ) 0.371199, 0.418025, 0.210776;
    ( "Weak", "Some", "Neutral", "Clear" ) 0.257726, 0.417800, 0.324475;
    ( "Weak", "Some", "Down", "Cloudy" ) 0.423991, 0.442852, 0.133157;
    ( "Weak", "Some", "Down", "PC" ) 0.455114, 0.403644, 0.141242;
    ( "Weak", "Some", "Down", "Clear" ) 0.364742, 0.422492, 0.212766;
    ( "Weak", "Marked", "StrongUp", "Cloudy" ) 0.634457, 0.286142, 0.079401;
    ( "Weak", "Marked", "StrongUp", "PC" ) 0.537519, 0.302450, 0.160031;
    ( "Weak", "Marked", "StrongUp", "Clear" ) 0.391612, 0.384857, 0.223531;
    ( "Weak", "Marked", "WeakUp", "Cloudy" ) 0.654726, 0.310594, 0.034680;
    ( "Weak", "Marked", "WeakUp", "PC" ) 0.610714, 0.286111, 0.103175;
    ( "Weak", "Marked", "WeakUp", "Clear" ) 0.418131, 0.305273, 0.276596;
    ( "Weak", "Marked", "Neutral", "Cloudy" ) 0.712430, 0.229128, 0.058442;
    ( "Weak", "Marked", "Neutral", "PC" ) 0.626981, 0.246648, 0.126371;
    ( "Weak", "Marked", "Neutral", "Clear" ) 0.475366, 0.326232, 0.198402;
    ( "Weak", "Marked", "Down", "Cloudy" ) 0.864238, 0.132450, 0.003311;
    ( "Weak", "Marked", "Down", "PC" ) 0.764630, 0.157556, 0.077814;
    ( "Weak", "Marked", "Down", "Clear" ) 0.674157, 0.272217, 0.053626;
    ( "Strong", "None", "StrongUp", "Cloudy" ) 0.120530, 0.358940, 0.520530;
    ( "Strong", "None", "StrongUp", "PC" ) 0.032909, 0.256900, 0.710191;
    ( "Strong", "None", "StrongUp", "Clear" ) 0.003356, 0.221477, 0.775168;
    ( "Strong", "None", "WeakUp", "Cloudy" ) 0.317949, 0.158974, 0.523077;
    ( "Strong", "None", "WeakUp", "PC" ) 0.101402, 0.240561, 0.658037;
    ( "Strong", "None", "WeakUp", "Clear" ) 0.023339, 0.396768, 0.579892;
    ( "Strong", "None", "Neutral", "Cloudy" ) 0.386076, 0.392405, 0.221519;
    ( "Strong", "None", "Neutral", "PC" ) 0.080645, 0.318859, 0.600496;
    ( "Strong", "None", "Neutral", "Clear" ) 0.241725, 0.241725, 0.516550;
    ( "Strong", "None", "Down", "Cloudy" ) 0.176064, 0.573670, 0.250266;
    ( "Strong", "None", "Down", "PC" ) 0.119383, 0.537907, 0.342710;
    ( "Strong", "None", "Down", "Clear" ) 0.085357, 0.280361, 0.634282;
    ( "Strong", "Some", "StrongUp", "Cloudy" ) 0.283333, 0.548485, 0.168182;
    ( "Strong", "Some", "StrongUp", "PC" ) 0.171912, 0.486886, 0.341202;
    ( "Strong", "Some", "StrongUp", "Clear" ) 0.168102, 0.389504, 0.442394;
    ( "Strong", "Some", "WeakUp", "Cloudy" ) 0.336066, 0.445355, 0.218579;
    ( "Strong", "Some", "WeakUp", "PC" ) 0.306603, 0.499891, 0.193506;
    ( "Strong", "Some", "WeakUp", "Clear" ) 0.179863, 0.390589, 0.429547;
    ( "Strong", "Some", "Neutral", "Cloudy" ) 0.240287, 0.463682, 0.296030;
    ( "Strong", "Some", "Neutral", "PC" ) 0.187830, 0.421833, 0.390338;
    ( "Strong", "Some", "Neutral", "Clear" ) 0.128926, 0.461488, 0.409587;
    ( "Strong", "Some", "Down", "Cloudy" ) 0.300040, 0.425786, 0.274174;
    ( "Strong", "Some", "Down", "PC" ) 0.262433, 0.457947, 0.279620;
    ( "Strong", "Some", "Down", "Clear" ) 0.196265, 0.457342, 0.346393;
    ( "Strong", "Marked", "StrongUp", "Cloudy" ) 0.594779, 0.345556, 0.059664;
    ( "Strong", "Marked", "StrongUp", "PC" ) 0.468783, 0.283386, 0.247831;
    ( "Strong", "Marked", "StrongUp", "Clear" ) 0.384770, 0.406998, 0.208232;
    ( "Strong", "Marked", "WeakUp", "Cloudy" ) 0.562075, 0.393707, 0.044218;
    ( "Strong", "Marked", "WeakUp", "PC" ) 0.665983, 0.223264, 0.110753;
    ( "Strong", "Marked", "WeakUp", "Clear" ) 0.436846, 0.376134, 0.187020;
    ( "Strong", "Marked", "Neutral", "Cloudy" ) 0.630055, 0.335519, 0.034426;
    ( "Strong", "Marked", "Neutral", "PC" ) 0.622167, 0.333251, 0.044581;
    ( "Strong", "Marked", "Neutral", "Clear" ) 0.494409, 0.397492, 0.108099;
    ( "Strong", "Marked", "Down", "Cloudy" ) 0.884298, 0.114522, 0.001181;
    ( "Strong", "Marked", "Down", "PC" ) 0.666793, 0.252751, 0.080455;
    ( "Strong", "Marked", "Down", "Clear" ) 0.577384, 0.335920, 0.086696;
};

probability ( CapChange | CompPlFcst ) {
    ( "IncCapDecIns" ) 0.002778, 0.004576, 0.992646;
    ( "LittleChange" ) 0.003961, 0.987380, 0.008659;
    ( "DecCapIncIns" ) 0.987595, 0.005006, 0.007398;
};

probability ( LoLevMoistAd ) {
    table 0.128716, 0.279353, 0.293729, 0.298202;
};

probability ( InsChange | LoLevMoistAd, CompPlFcst ) {
    ( "StrongPos", "IncCapDecIns" ) 0.005929, 0.067966, 0.926104;
    ( "StrongPos", "LittleChange" ) 0.051432, 0.163789, 0.784779;
    ( "StrongPos", "DecCapIncIns" ) 0.135376, 0.492483, 0.372142;
    ( "WeakPos", "IncCapDecIns" ) 0.503142, 0.391070, 0.105788;
    ( "WeakPos", "LittleChange" ) 0.006862, 0.112918, 0.880221;
    ( "WeakPos", "DecCapIncIns" ) 0.108256, 0.404160, 0.487584;
    ( "Neutral", "IncCapDecIns" ) 0.195788, 0.598171, 0.206040;
    ( "Neutral", "LittleChange" ) 0.798596, 0.152151, 0.049253;
    ( "Neutral", "DecCapIncIns" ) 0.046123, 0.119140, 0.834737;
    ( "Negative", "IncCapDecIns" ) 0.222916, 0.517791, 0.259293;
    ( "Negative", "LittleChange" ) 0.369275, 0.486388, 0.144337;
    ( "Negative", "DecCapIncIns" ) 0.885208, 0.104637, 0.010154;
};

probability ( MountainFcst | InsInMt ) {
    ( "None" ) 0.999177, 0.000752, 0.000072;
    ( "Weak" ) 0.473387, 0.506760, 0.019853;
    ( "Strong" ) 0.197965, 0.508240, 0.293795;
};

probability ( Date ) {
    table 0.254923, 0.126148, 0.104120, 0.213943, 0.073316, 0.227550;
};

probability ( Scenario | Date ) {
    ( "May15_Jun14" ) 0.093280, 0.159440, 0.106854, 0.093193, 0.080720, 0.010981, 0.081270, 0.096249, 0.089788, 0.025975, 0.162251;
    ( "Jun15_Jul1" ) 0.038754, 0.160900, 0.093432, 0.106867, 0.127386, 0.014547, 0.126829, 0.052541, 0.076455, 0.106867, 0.095422;
    ( "Jul2_Jul15" ) 0.036702, 0.109539, 0.092199, 0.083227, 0.159610, 0.031064, 0.140106, 0.041773, 0.065745, 0.148475, 0.091560;
    ( "Jul16_Aug10" ) 0.038268, 0.130165, 0.092571, 0.067232, 0.201557, 0.074844, 0.062554, 0.052681, 0.073929, 0.122571, 0.083630;
    ( "Aug11_Aug20" ) 0.039778, 0.125831, 0.119386, 0.067221, 0.163444, 0.046928, 0.091893, 0.053625, 0.080564, 0.124018, 0.087311;
    ( "Aug20_Sep15" ) 0.049288, 0.111704, 0.102600, 0.088107, 0.105635, 0.018680, 0.104629, 0.069720, 0.081859, 0.105894, 0.161885;
};

probability ( ScenRelAMCIN | Scenario ) {
    ( "A" ) 0.985780, 0.014220;
    ( "B" ) 0.986415, 0.013585;
    ( "C" ) 0.003784, 0.996216;
    ( "D" ) 0.003335, 0.996665;
    ( "E" ) 0.002901, 0.997099;
    ( "F" ) 0.003978, 0.996022;
    ( "G" ) 0.003645, 0.996355;
    ( "H" ) 0.002552, 0.997448;
    ( "I" ) 0.003706, 0.996294;
    ( "J" ) 0.003461, 0.996539;
    ( "K" ) 0.003423, 0.996577;
};

probability ( MorningCIN ) {
    table 0.150700, 0.568680, 0.202410, 0.078211;
};

probability ( AMCINInScen | ScenRelAMCIN, MorningCIN ) {
    ( "AB", "None" ) 0.990839, 0.006352, 0.002809;
    ( "AB", "PartInhibit" ) 0.724057, 0.268126, 0.007818;
    ( "AB", "Stifling" ) 0.588603, 0.384983, 0.026414;
    ( "AB", "TotalInhibit" ) 0.301454, 0.591952, 0.106593;
    ( "CThruK", "None" ) 0.248327, 0.480028, 0.271645;
    ( "CThruK", "PartInhibit" ) 0.016554, 0.396846, 0.586600;
    ( "CThruK", "Stifling" ) 0.008671, 0.092068, 0.899260;
    ( "CThruK", "TotalInhibit" ) 0.004809, 0.042876, 0.952315;
};

probability ( CapInScen | AMCINInScen, CapChange ) {
    ( "LessThanAve", "Decreasing" ) 0.996513, 0.002830, 0.000657;
    ( "LessThanAve", "LittleChange" ) 0.737150, 0.261181, 0.001668;
    ( "LessThanAve", "Increasing" ) 0.290472, 0.358578, 0.350950;
    ( "Average", "Decreasing" ) 0.970564, 0.027732, 0.001703;
    ( "Average", "LittleChange" ) 0.041355, 0.922281, 0.036364;
    ( "Average", "Increasing" ) 0.001313, 0.034820, 0.963867;
    ( "MoreThanAve", "Decreasing" ) 0.326236, 0.372666, 0.301097;
    ( "MoreThanAve", "LittleChange" ) 0.002085, 0.241417, 0.756499;
    ( "MoreThanAve", "Increasing" ) 0.000480, 0.003803, 0.995716;
};

probability ( ScenRelAMIns | Scenario ) {
    ( "A" ) 0.986053, 0.007411, 0.001011, 0.001819, 0.001550, 0.002156;
    ( "B" ) 0.987567, 0.006189, 0.000959, 0.001698, 0.001588, 0.001999;
    ( "C" ) 0.004996, 0.988282, 0.000735, 0.001690, 0.001690, 0.002608;
    ( "D" ) 0.005284, 0.987614, 0.000996, 0.001776, 0.001516, 0.002815;
    ( "E" ) 0.004351, 0.989374, 0.001618, 0.001645, 0.001255, 0.001757;
    ( "F" ) 0.005965, 0.007485, 0.982456, 0.002690, 0.000468, 0.000936;
    ( "G" ) 0.005273, 0.005661, 0.000931, 0.984994, 0.001396, 0.001745;
    ( "H" ) 0.004104, 0.006212, 0.000943, 0.001775, 0.984248, 0.002718;
    ( "I" ) 0.986846, 0.006530, 0.001065, 0.001482, 0.001389, 0.002686;
    ( "J" ) 0.005093, 0.989191, 0.001011, 0.001827, 0.001516, 0.001361;
    ( "K" ) 0.004673, 0.006072, 0.000744, 0.001905, 0.001250, 0.985355;
};

probability ( LIfr12ZDENSd ) {
    table 0.097753, 0.527408, 0.296218, 0.078621;
};

probability ( AMDewptCalPl ) {
    table 0.292441, 0.249562, 0.457997;
};

probability ( AMInsWliScen | ScenRelAMIns, LIfr12ZDENSd, AMDewptCalPl ) {
    ( "ABI", "LIGt0", "Instability" ) 0.522717, 0.325400, 0.151882;
    ( "ABI", "LIGt0", "Neutral" ) 0.377372, 0.249396, 0.373232;
    ( "ABI", "LIGt0", "Stability" ) 0.285266, 0.420063, 0.294671;
    ( "ABI", "N1GtLIGt_4", "Instability" ) 0.287193, 0.415265, 0.297542;
    ( "ABI", "N1GtLIGt_4", "Neutral" ) 0.353047, 0.569892, 0.077061;
    ( "ABI", "N1GtLIGt_4", "Stability" ) 0.339585, 0.534057, 0.126357;
    ( "ABI", "N5GtLIGt_8", "Instability" ) 0.331394, 0.295397, 0.373209;
    ( "ABI", "N5GtLIGt_8", "Neutral" ) 0.160406, 0.302690, 0.536904;
    ( "ABI", "N5GtLIGt_8", "Stability" ) 0.113636, 0.270909, 0.615455;
    ( "ABI", "LILt_8", "Instability" ) 0.143207, 0.326805, 0.529988;
    ( "ABI", "LILt_8", "Neutral" ) 0.072691, 0.279760, 0.647549;
    ( "ABI", "LILt_8", "Stability" ) 0.097382, 0.369938, 0.532680;
    ( "CDEJ", "LIGt0", "Instability" ) 0.073515, 0.250730, 0.675755;
    ( "CDEJ", "LIGt0", "Neutral" ) 0.027033, 0.155769, 0.817199;
    ( "CDEJ", "LIGt0", "Stability" ) 0.001462, 0.010234, 0.988304;
    ( "CDEJ", "N1GtLIGt_4", "Instability" ) 0.085859, 0.260606, 0.653535;
    ( "CDEJ", "N1GtLIGt_4", "Neutral" ) 0.040830, 0.201473, 0.757697;
    ( "CDEJ", "N1GtLIGt_4", "Stability" ) 0.048235, 0.209018, 0.742747;
    ( "CDEJ", "N5GtLIGt_8", "Instability" ) 0.002768, 0.072664, 0.924567;
    ( "CDEJ", "N5GtLIGt_8", "Neutral" ) 0.019991, 0.066780, 0.913228;
    ( "CDEJ", "N5GtLIGt_8", "Stability" ) 0.005102, 0.005102, 0.989796;
    ( "CDEJ", "LILt_8", "Instability" ) 0.067437, 0.088632, 0.843931;
    ( "CDEJ", "LILt_8", "Neutral" ) 0.005305, 0.175066, 0.819629;
    ( "CDEJ", "LILt_8", "Stability" ) 0.001408, 0.152113, 0.846479;
    ( "F", "LIGt0", "Instability" ) 0.885042, 0.083102, 0.031856;
    ( "F", "LIGt0", "Neutral" ) 0.681789, 0.231599, 0.086612;
    ( "F", "LIGt0", "Stability" ) 0.683258, 0.312217, 0.004525;
    ( "F", "N1GtLIGt_4", "Instability" ) 0.543713, 0.398802, 0.057485;
    ( "F", "N1GtLIGt_4", "Neutral" ) 0.660194, 0.184466, 0.155340;
    ( "F", "N1GtLIGt_4", "Stability" ) 0.340720, 0.610803, 0.048476;
    ( "F", "N5GtLIGt_8", "Instability" ) 0.486592, 0.272759, 0.240649;
    ( "F", "N5GtLIGt_8", "Neutral" ) 0.241811, 0.510575, 0.247614;
    ( "F", "N5GtLIGt_8", "Stability" ) 0.183333, 0.685833, 0.130833;
    ( "F", "LILt_8", "Instability" ) 0.198575, 0.601231, 0.200194;
    ( "F", "LILt_8", "Neutral" ) 0.201472, 0.438202, 0.360325;
    ( "F", "LILt_8", "Stability" ) 0.231156, 0.526546, 0.242298;
    ( "G", "LIGt0", "Instability" ) 0.152662, 0.442802, 0.404535;
    ( "G", "LIGt0", "Neutral" ) 0.216518, 0.326141, 0.457341;
    ( "G", "LIGt0", "Stability" ) 0.053782, 0.443697, 0.502521;
    ( "G", "N1GtLIGt_4", "Instability" ) 0.146749, 0.509598, 0.343653;
    ( "G", "N1GtLIGt_4", "Neutral" ) 0.001324, 0.328921, 0.669755;
    ( "G", "N1GtLIGt_4", "Stability" ) 0.095169, 0.432588, 0.472242;
    ( "G", "N5GtLIGt_8", "Instability" ) 0.004255, 0.162310, 0.833435;
    ( "G", "N5GtLIGt_8", "Neutral" ) 0.012826, 0.124535, 0.862640;
    ( "G", "N5GtLIGt_8", "Stability" ) 0.007874, 0.007874, 0.984252;
    ( "G", "LILt_8", "Instability" ) 0.062868, 0.267191, 0.669941;
    ( "G", "LILt_8", "Neutral" ) 0.002331, 0.149184, 0.848485;
    ( "G", "LILt_8", "Stability" ) 0.066667, 0.131624, 0.801709;
    ( "H", "LIGt0", "Instability" ) 0.942381, 0.045042, 0.012577;
    ( "H", "LIGt0", "Neutral" ) 0.848391, 0.107316, 0.044293;
    ( "H", "LIGt0", "Stability" ) 0.806295, 0.111380, 0.082324;
    ( "H", "N1GtLIGt_4", "Instability" ) 0.717801, 0.249385, 0.032814;
    ( "H", "N1GtLIGt_4", "Neutral" ) 0.527009, 0.466403, 0.006588;
    ( "H", "N1GtLIGt_4", "Stability" ) 0.448413, 0.407407, 0.144180;
    ( "H", "N5GtLIGt_8", "Instability" ) 0.762617, 0.185573, 0.051810;
    ( "H", "N5GtLIGt_8", "Neutral" ) 0.605254, 0.301786, 0.092960;
    ( "H", "N5GtLIGt_8", "Stability" ) 0.535423, 0.393731, 0.070846;
    ( "H", "LILt_8", "Instability" ) 0.120544, 0.691996, 0.187459;
    ( "H", "LILt_8", "Neutral" ) 0.427517, 0.458882, 0.113600;
    ( "H", "LILt_8", "Stability" ) 0.330191, 0.528962, 0.140847;
    ( "K", "LIGt0", "Instability" ) 0.531582, 0.390500, 0.077918;
    ( "K", "LIGt0", "Neutral" ) 0.456875, 0.405352, 0.137773;
    ( "K", "LIGt0", "Stability" ) 0.328491, 0.483454, 0.188055;
    ( "K", "N1GtLIGt_4", "Instability" ) 0.115664, 0.705626, 0.178710;
    ( "K", "N1GtLIGt_4", "Neutral" ) 0.125845, 0.418107, 0.456048;
    ( "K", "N1GtLIGt_4", "Stability" ) 0.161829, 0.293798, 0.544372;
    ( "K", "N5GtLIGt_8", "Instability" ) 0.363708, 0.338856, 0.297436;
    ( "K", "N5GtLIGt_8", "Neutral" ) 0.302059, 0.268835, 0.429106;
    ( "K", "N5GtLIGt_8", "Stability" ) 0.003731, 0.462687, 0.533582;
    ( "K", "LILt_8", "Instability" ) 0.104984, 0.215270, 0.679745;
    ( "K", "LILt_8", "Neutral" ) 0.168174, 0.330922, 0.500904;
    ( "K", "LILt_8", "Stability" ) 0.067995, 0.371566, 0.560440;
};

probability ( InsSclInScen | AMInsWliScen, InsChange ) {
    ( "LessUnstable", "Decreasing" ) 0.994117, 0.004202, 0.001681;
    ( "LessUnstable", "LittleChange" ) 0.546426, 0.448886, 0.004688;
    ( "LessUnstable", "Increasing" ) 0.236877, 0.351896, 0.411227;
    ( "Average", "Decreasing" ) 0.896801, 0.098328, 0.004870;
