// Bayesian Network (Learned via EM)

variable N0_7muVerMo {
  type discrete [ 4 ] = { StrongUp, WeakUp, Neutral, Down };
};
variable SubjVertMo {
  type discrete [ 4 ] = { StronUp, WeakUp, Neutral, Down };
};
variable QGVertMotion {
  type discrete [ 4 ] = { StrongUp, WeakUp, Neutral, Down };
};
variable CombVerMo {
  type discrete [ 4 ] = { StrongUp, WeakUp, Neutral, Down };
};
variable AreaMeso_ALS {
  type discrete [ 4 ] = { StrongUp, WeakUp, Neutral, Down };
};
variable SatContMoist {
  type discrete [ 4 ] = { VeryWet, Wet, Neutral, Dry };
};
variable RaoContMoist {
  type discrete [ 4 ] = { VeryWet, Wet, Neutral, Dry };
};
variable CombMoisture {
  type discrete [ 4 ] = { VeryWet, Wet, Neutral, Dry };
};
variable AreaMoDryAir {
  type discrete [ 4 ] = { VeryWet, Wet, Neutral, Dry };
};
variable VISCloudCov {
  type discrete [ 3 ] = { Cloudy, PC, Clear };
};
variable IRCloudCover {
  type discrete [ 3 ] = { Cloudy, PC, Clear };
};
variable CombClouds {
  type discrete [ 3 ] = { Cloudy, PC, Clear };
};
variable CldShadeOth {
  type discrete [ 3 ] = { Cloudy, PC, Clear };
};
variable AMInstabMt {
  type discrete [ 3 ] = { None, Weak, Strong };
};
variable InsInMt {
  type discrete [ 3 ] = { None, Weak, Strong };
};
variable WndHodograph {
  type discrete [ 4 ] = { DCVZFavor, StrongWest, Westerly, Other };
};
variable OutflowFrMt {
  type discrete [ 3 ] = { None, Weak, Strong };
};
variable MorningBound {
  type discrete [ 3 ] = { None, Weak, Strong };
};
variable Boundaries {
  type discrete [ 3 ] = { None, Weak, Strong };
};
variable CldShadeConv {
  type discrete [ 3 ] = { None, Some, Marked };
};
variable CompPlFcst {
  type discrete [ 3 ] = { IncCapDecIns, LittleChange, DecCapIncIns };
};
variable CapChange {
  type discrete [ 3 ] = { Decreasing, LittleChange, Increasing };
};
variable LoLevMoistAd {
  type discrete [ 4 ] = { StrongPos, WeakPos, Neutral, Negative };
};
variable InsChange {
  type discrete [ 3 ] = { Decreasing, LittleChange, Increasing };
};
variable MountainFcst {
  type discrete [ 3 ] = { XNIL, SIG, SVR };
};
variable Date {
  type discrete [ 6 ] = { May15_Jun14, Jun15_Jul1, Jul2_Jul15, Jul16_Aug10, Aug11_Aug20, Aug20_Sep15 };
};
variable Scenario {
  type discrete [ 11 ] = { A, B, C, D, E, F, G, H, I, J, K };
};
variable ScenRelAMCIN {
  type discrete [ 2 ] = { AB, CThruK };
};
variable MorningCIN {
  type discrete [ 4 ] = { None, PartInhibit, Stifling, TotalInhibit };
};
variable AMCINInScen {
  type discrete [ 3 ] = { LessThanAve, Average, MoreThanAve };
};
variable CapInScen {
  type discrete [ 3 ] = { LessThanAve, Average, MoreThanAve };
};
variable ScenRelAMIns {
  type discrete [ 6 ] = { ABI, CDEJ, F, G, H, K };
};
variable LIfr12ZDENSd {
  type discrete [ 4 ] = { LIGt0, N1GtLIGt_4, N5GtLIGt_8, LILt_8 };
};
variable AMDewptCalPl {
  type discrete [ 3 ] = { Instability, Neutral, Stability };
};
variable AMInsWliScen {
  type discrete [ 3 ] = { LessUnstable, Average, MoreUnstable };
};
variable InsSclInScen {
  type discrete [ 3 ] = { LessUnstable, Average, MoreUnstable };
};
variable ScenRel3_4 {
  type discrete [ 5 ] = { ACEFK, B, D, GJ, HI };
};
variable LatestCIN {
  type discrete [ 4 ] = { None, PartInhibit, Stifling, TotalInhibit };
};
variable LLIW {
  type discrete [ 4 ] = { Unfavorable, Weak, Moderate, Strong };
};
variable CurPropConv {
  type discrete [ 4 ] = { None, Slight, Moderate, Strong };
};
variable ScnRelPlFcst {
  type discrete [ 11 ] = { A, B, C, D, E, F, G, H, I, J, K };
};
variable PlainsFcst {
  type discrete [ 3 ] = { XNIL, SIG, SVR };
};
variable N34StarFcst {
  type discrete [ 3 ] = { XNIL, SIG, SVR };
};
variable R5Fcst {
  type discrete [ 3 ] = { XNIL, SIG, SVR };
};
variable Dewpoints {
  type discrete [ 7 ] = { LowEvrywhere, LowAtStation, LowSHighN, LowNHighS, LowMtsHighPl, HighEvrywher, Other };
};
variable LowLLapse {
  type discrete [ 4 ] = { CloseToDryAd, Steep, ModerateOrLe, Stable };
};
variable MeanRH {
  type discrete [ 3 ] = { VeryMoist, Average, Dry };
};
variable MidLLapse {
  type discrete [ 3 ] = { CloseToDryAd, Steep, ModerateOrLe };
};
variable MvmtFeatures {
  type discrete [ 4 ] = { StrongFront, MarkedUpper, OtherRapid, NoMajor };
};
variable RHRatio {
  type discrete [ 3 ] = { MoistMDryL, DryMMoistL, Other };
};
variable SfcWndShfDis {
  type discrete [ 7 ] = { DenvCyclone, E_W_N, E_W_S, MovingFtorOt, DryLine, None, Other };
};
variable SynForcng {
  type discrete [ 5 ] = { SigNegative, NegToPos, SigPositive, PosToNeg, LittleChange };
};
variable TempDis {
  type discrete [ 4 ] = { QStationary, Moving, None, Other };
};
variable WindAloft {
  type discrete [ 4 ] = { LV, SWQuad, NWQuad, AllElse };
};
variable WindFieldMt {
  type discrete [ 2 ] = { Westerly, LVorOther };
};
variable WindFieldPln {
  type discrete [ 6 ] = { LV, DenvCyclone, LongAnticyc, E_NE, SEQuad, WidespdDnsl };
};
probability ( N0_7muVerMo ) {
    table 0.257375, 0.251458, 0.241907, 0.249260;
};

probability ( SubjVertMo ) {
    table 0.148364, 0.149191, 0.500152, 0.202293;
};

probability ( QGVertMotion ) {
    table 0.145971, 0.152541, 0.491733, 0.209755;
};

probability ( CombVerMo | N0_7muVerMo, SubjVertMo, QGVertMotion ) {
    ( StrongUp, StronUp, StrongUp ) 0.982609, 0.004348, 0.008696, 0.004348;
    ( WeakUp, StronUp, StrongUp ) 0.880000, 0.109091, 0.003636, 0.007273;
    ( Neutral, StronUp, StrongUp ) 0.744898, 0.156463, 0.095238, 0.003401;
    ( Down, StronUp, StrongUp ) 0.181818, 0.414141, 0.306397, 0.097643;
    ( StrongUp, WeakUp, StrongUp ) 0.788732, 0.190141, 0.017606, 0.003521;
    ( WeakUp, WeakUp, StrongUp ) 0.677419, 0.313364, 0.004608, 0.004608;
    ( Neutral, WeakUp, StrongUp ) 0.162011, 0.692737, 0.128492, 0.016760;
    ( Down, WeakUp, StrongUp ) 0.113821, 0.321138, 0.451219, 0.113821;
    ( StrongUp, Neutral, StrongUp ) 0.672457, 0.254342, 0.071960, 0.001241;
    ( WeakUp, Neutral, StrongUp ) 0.113780, 0.700379, 0.183312, 0.002528;
    ( Neutral, Neutral, StrongUp ) 0.197647, 0.582353, 0.218824, 0.001176;
    ( Down, Neutral, StrongUp ) 0.113424, 0.232050, 0.558793, 0.095734;
    ( StrongUp, Down, StrongUp ) 0.310241, 0.415663, 0.162651, 0.111446;
    ( WeakUp, Down, StrongUp ) 0.182099, 0.280864, 0.450617, 0.086420;
    ( Neutral, Down, StrongUp ) 0.101928, 0.253444, 0.526171, 0.118457;
    ( Down, Down, StrongUp ) 0.111111, 0.080247, 0.228395, 0.580247;
    ( StrongUp, StronUp, WeakUp ) 0.881633, 0.102041, 0.012245, 0.004082;
    ( WeakUp, StronUp, WeakUp ) 0.676580, 0.308550, 0.011152, 0.003717;
    ( Neutral, StronUp, WeakUp ) 0.157088, 0.613027, 0.226054, 0.003831;
    ( Down, StronUp, WeakUp ) 0.098765, 0.296296, 0.473251, 0.131687;
    ( StrongUp, WeakUp, WeakUp ) 0.588235, 0.373950, 0.033613, 0.004202;
    ( WeakUp, WeakUp, WeakUp ) 0.009868, 0.976974, 0.009868, 0.003289;
    ( Neutral, WeakUp, WeakUp ) 0.003584, 0.659498, 0.329749, 0.007168;
    ( Down, WeakUp, WeakUp ) 0.004184, 0.184100, 0.656904, 0.154812;
    ( StrongUp, Neutral, WeakUp ) 0.139227, 0.670718, 0.182320, 0.007735;
    ( WeakUp, Neutral, WeakUp ) 0.006024, 0.689759, 0.301205, 0.003012;
    ( Neutral, Neutral, WeakUp ) 0.006443, 0.347938, 0.637887, 0.007732;
    ( Down, Neutral, WeakUp ) 0.003398, 0.135900, 0.483579, 0.377123;
    ( StrongUp, Down, WeakUp ) 0.120988, 0.328395, 0.417284, 0.133333;
    ( WeakUp, Down, WeakUp ) 0.010840, 0.235772, 0.582656, 0.170732;
    ( Neutral, Down, WeakUp ) 0.002817, 0.143662, 0.501408, 0.352113;
    ( Down, Down, WeakUp ) 0.003247, 0.126623, 0.188312, 0.681818;
    ( StrongUp, StronUp, Neutral ) 0.742206, 0.171463, 0.083933, 0.002398;
    ( WeakUp, StronUp, Neutral ) 0.184242, 0.653333, 0.156364, 0.006061;
    ( Neutral, StronUp, Neutral ) 0.123609, 0.574784, 0.299135, 0.002472;
    ( Down, StronUp, Neutral ) 0.119018, 0.182822, 0.579141, 0.119018;
    ( StrongUp, WeakUp, Neutral ) 0.112624, 0.726485, 0.158416, 0.002475;
    ( WeakUp, WeakUp, Neutral ) 0.002195, 0.734358, 0.255763, 0.007684;
    ( Neutral, WeakUp, Neutral ) 0.002642, 0.347424, 0.645971, 0.003963;
    ( Down, WeakUp, Neutral ) 0.003188, 0.173220, 0.517535, 0.306057;
    ( StrongUp, Neutral, Neutral ) 0.184854, 0.585979, 0.223545, 0.005622;
    ( WeakUp, Neutral, Neutral ) 0.002175, 0.278362, 0.710765, 0.008699;
    ( Neutral, Neutral, Neutral ) 0.002167, 0.012279, 0.980137, 0.005417;
    ( Down, Neutral, Neutral ) 0.001063, 0.010627, 0.681544, 0.306766;
    ( StrongUp, Down, Neutral ) 0.066030, 0.189340, 0.624503, 0.120127;
    ( WeakUp, Down, Neutral ) 0.002580, 0.187446, 0.477214, 0.332760;
    ( Neutral, Down, Neutral ) 0.002791, 0.009302, 0.690233, 0.297674;
    ( Down, Down, Neutral ) 0.000912, 0.000912, 0.327256, 0.670921;
    ( StrongUp, StronUp, Down ) 0.213740, 0.432570, 0.305344, 0.048346;
    ( WeakUp, StronUp, Down ) 0.119891, 0.348774, 0.400545, 0.130790;
    ( Neutral, StronUp, Down ) 0.058632, 0.192182, 0.651466, 0.097720;
    ( Down, StronUp, Down ) 0.102625, 0.059666, 0.291169, 0.546539;
    ( StrongUp, WeakUp, Down ) 0.074879, 0.326087, 0.475845, 0.123188;
    ( WeakUp, WeakUp, Down ) 0.002597, 0.202597, 0.680519, 0.114286;
    ( Neutral, WeakUp, Down ) 0.002660, 0.151596, 0.420213, 0.425532;
    ( Down, WeakUp, Down ) 0.002915, 0.119534, 0.180758, 0.696793;
    ( StrongUp, Neutral, Down ) 0.122779, 0.217286, 0.580775, 0.079160;
    ( WeakUp, Neutral, Down ) 0.002676, 0.183765, 0.369313, 0.444246;
    ( Neutral, Neutral, Down ) 0.000831, 0.009975, 0.730673, 0.258520;
    ( Down, Neutral, Down ) 0.000870, 0.006092, 0.332463, 0.660574;
    ( StrongUp, Down, Down ) 0.083160, 0.108108, 0.147609, 0.661123;
    ( WeakUp, Down, Down ) 0.003663, 0.089744, 0.184982, 0.721612;
    ( Neutral, Down, Down ) 0.001887, 0.001887, 0.398113, 0.598113;
    ( Down, Down, Down ) 0.002309, 0.002309, 0.018476, 0.976905;
};

probability ( AreaMeso_ALS | CombVerMo ) {
    ( StrongUp ) 0.989827, 0.006718, 0.002687, 0.000768;
    ( WeakUp ) 0.003260, 0.988391, 0.006918, 0.001431;
    ( Neutral ) 0.000748, 0.003191, 0.992971, 0.003091;
    ( Down ) 0.000615, 0.001967, 0.005778, 0.991641;
};

probability ( SatContMoist ) {
    table 0.154673, 0.199008, 0.401475, 0.244844;
};

probability ( RaoContMoist ) {
    table 0.153281, 0.200640, 0.399082, 0.246998;
};

probability ( CombMoisture | SatContMoist, RaoContMoist ) {
    ( VeryWet, VeryWet ) 0.881508, 0.113106, 0.004488, 0.000898;
    ( Wet, VeryWet ) 0.537749, 0.413818, 0.047009, 0.001425;
    ( Neutral, VeryWet ) 0.226653, 0.294858, 0.365862, 0.112627;
    ( Dry, VeryWet ) 0.231591, 0.295724, 0.225653, 0.247031;
    ( VeryWet, Wet ) 0.605625, 0.332897, 0.059516, 0.001962;
    ( Wet, Wet ) 0.123851, 0.604651, 0.203894, 0.067604;
    ( Neutral, Wet ) 0.100809, 0.330189, 0.507547, 0.061456;
    ( Dry, Wet ) 0.238140, 0.301395, 0.200930, 0.259535;
    ( VeryWet, Neutral ) 0.280059, 0.502405, 0.214576, 0.002960;
    ( Wet, Neutral ) 0.052013, 0.424776, 0.428691, 0.094519;
    ( Neutral, Neutral ) 0.003357, 0.160446, 0.670784, 0.165414;
    ( Dry, Neutral ) 0.248003, 0.238075, 0.261817, 0.252104;
    ( VeryWet, Dry ) 0.266442, 0.355818, 0.232715, 0.145025;
    ( Wet, Dry ) 0.122965, 0.302057, 0.287918, 0.287061;
    ( Neutral, Dry ) 0.005839, 0.114305, 0.353919, 0.525938;
    ( Dry, Dry ) 0.237246, 0.269354, 0.235462, 0.257938;
};

probability ( AreaMoDryAir | AreaMeso_ALS, CombMoisture ) {
    ( StrongUp, VeryWet ) 0.988417, 0.007722, 0.002896, 0.000965;
    ( WeakUp, VeryWet ) 0.780342, 0.214957, 0.002564, 0.002137;
    ( Neutral, VeryWet ) 0.703138, 0.276312, 0.018884, 0.001666;
    ( Down, VeryWet ) 0.255682, 0.690341, 0.049006, 0.004972;
    ( StrongUp, Wet ) 0.746164, 0.250000, 0.003197, 0.000639;
    ( WeakUp, Wet ) 0.324100, 0.575069, 0.098338, 0.002493;
    ( Neutral, Wet ) 0.187599, 0.598529, 0.212472, 0.001401;
    ( Down, Wet ) 0.068387, 0.373055, 0.427928, 0.130631;
    ( StrongUp, Neutral ) 0.240141, 0.502649, 0.246616, 0.010594;
    ( WeakUp, Neutral ) 0.014299, 0.378809, 0.544773, 0.062119;
    ( Neutral, Neutral ) 0.008523, 0.093475, 0.802431, 0.095571;
    ( Down, Neutral ) 0.001784, 0.057816, 0.515346, 0.425054;
    ( StrongUp, Dry ) 0.003222, 0.266380, 0.546724, 0.183673;
    ( WeakUp, Dry ) 0.002563, 0.027339, 0.432721, 0.537377;
    ( Neutral, Dry ) 0.004985, 0.004154, 0.282193, 0.708668;
    ( Down, Dry ) 0.002647, 0.005295, 0.017869, 0.974189;
};

probability ( VISCloudCov ) {
    table 0.104249, 0.498945, 0.396806;
};

probability ( IRCloudCover ) {
    table 0.148846, 0.448452, 0.402702;
};

probability ( CombClouds | VISCloudCov, IRCloudCover ) {
    ( Cloudy, Cloudy ) 0.936900, 0.054870, 0.008230;
    ( PC, Cloudy ) 0.464764, 0.493885, 0.041351;
    ( Clear, Cloudy ) 0.106066, 0.394492, 0.499442;
    ( Cloudy, PC ) 0.840827, 0.139388, 0.019784;
    ( PC, PC ) 0.092031, 0.802624, 0.105346;
    ( Clear, PC ) 0.029203, 0.264418, 0.706378;
    ( Cloudy, Clear ) 0.791554, 0.103952, 0.104494;
    ( PC, Clear ) 0.048198, 0.476170, 0.475632;
    ( Clear, Clear ) 0.000678, 0.024265, 0.975058;
};

probability ( CldShadeOth | AreaMoDryAir, AreaMeso_ALS, CombClouds ) {
    ( VeryWet, StrongUp, Cloudy ) 0.991323, 0.002169, 0.006508;
    ( Wet, StrongUp, Cloudy ) 0.932000, 0.064000, 0.004000;
    ( Neutral, StrongUp, Cloudy ) 0.946429, 0.047619, 0.005952;
    ( Dry, StrongUp, Cloudy ) 0.937500, 0.031250, 0.031250;
    ( VeryWet, WeakUp, Cloudy ) 0.906000, 0.092000, 0.002000;
    ( Wet, WeakUp, Cloudy ) 0.898907, 0.091530, 0.009563;
    ( Neutral, WeakUp, Cloudy ) 0.844891, 0.153285, 0.001825;
    ( Dry, WeakUp, Cloudy ) 0.572414, 0.424138, 0.003448;
    ( VeryWet, Neutral, Cloudy ) 0.944853, 0.053309, 0.001838;
    ( Wet, Neutral, Cloudy ) 0.780303, 0.217172, 0.002525;
    ( Neutral, Neutral, Cloudy ) 0.779272, 0.196203, 0.024525;
    ( Dry, Neutral, Cloudy ) 0.770522, 0.199627, 0.029851;
    ( VeryWet, Down, Cloudy ) 0.815385, 0.169231, 0.015385;
    ( Wet, Down, Cloudy ) 0.662531, 0.315136, 0.022333;
    ( Neutral, Down, Cloudy ) 0.557269, 0.416300, 0.026432;
    ( Dry, Down, Cloudy ) 0.426136, 0.568182, 0.005682;
    ( VeryWet, StrongUp, PC ) 0.867804, 0.128998, 0.003198;
    ( Wet, StrongUp, PC ) 0.654264, 0.328682, 0.017054;
    ( Neutral, StrongUp, PC ) 0.483425, 0.450276, 0.066298;
    ( Dry, StrongUp, PC ) 0.336735, 0.642857, 0.020408;
    ( VeryWet, WeakUp, PC ) 0.430508, 0.542373, 0.027119;
    ( Wet, WeakUp, PC ) 0.231560, 0.588271, 0.180169;
    ( Neutral, WeakUp, PC ) 0.152787, 0.777013, 0.070200;
    ( Dry, WeakUp, PC ) 0.024958, 0.928453, 0.046589;
    ( VeryWet, Neutral, PC ) 0.221306, 0.762199, 0.016495;
    ( Wet, Neutral, PC ) 0.013054, 0.881119, 0.105828;
    ( Neutral, Neutral, PC ) 0.021177, 0.866085, 0.112737;
    ( Dry, Neutral, PC ) 0.018113, 0.776604, 0.205283;
    ( VeryWet, Down, PC ) 0.003953, 0.498024, 0.498024;
    ( Wet, Down, PC ) 0.002404, 0.389423, 0.608173;
    ( Neutral, Down, PC ) 0.009424, 0.709948, 0.280628;
    ( Dry, Down, PC ) 0.048454, 0.655806, 0.295739;
    ( VeryWet, StrongUp, Clear ) 0.284768, 0.340232, 0.375000;
    ( Wet, StrongUp, Clear ) 0.163666, 0.412439, 0.423895;
    ( Neutral, StrongUp, Clear ) 0.107056, 0.489051, 0.403893;
    ( Dry, StrongUp, Clear ) 0.106061, 0.196970, 0.696970;
    ( VeryWet, WeakUp, Clear ) 0.059078, 0.489193, 0.451729;
    ( Wet, WeakUp, Clear ) 0.009585, 0.280085, 0.710330;
    ( Neutral, WeakUp, Clear ) 0.000588, 0.228555, 0.770858;
    ( Dry, WeakUp, Clear ) 0.001536, 0.138249, 0.860215;
    ( VeryWet, Neutral, Clear ) 0.011848, 0.267773, 0.720379;
    ( Wet, Neutral, Clear ) 0.000924, 0.137246, 0.861830;
    ( Neutral, Neutral, Clear ) 0.000560, 0.058774, 0.940666;
    ( Dry, Neutral, Clear ) 0.001428, 0.039971, 0.958601;
    ( VeryWet, Down, Clear ) 0.004484, 0.058296, 0.937220;
    ( Wet, Down, Clear ) 0.001215, 0.017011, 0.981774;
    ( Neutral, Down, Clear ) 0.000847, 0.006774, 0.992379;
    ( Dry, Down, Clear ) 0.004728, 0.000788, 0.994484;
};

probability ( AMInstabMt ) {
    table 0.330672, 0.336481, 0.332847;
};

probability ( InsInMt | CldShadeOth, AMInstabMt ) {
    ( Cloudy, None ) 0.860135, 0.124718, 0.015147;
    ( PC, None ) 0.603422, 0.374769, 0.021808;
    ( Clear, None ) 0.504557, 0.333171, 0.162272;
    ( Cloudy, Weak ) 0.009239, 0.388666, 0.602094;
    ( PC, Weak ) 0.001983, 0.398711, 0.599306;
    ( Clear, Weak ) 0.002915, 0.162403, 0.834683;
    ( Cloudy, Strong ) 0.005803, 0.041539, 0.952657;
    ( PC, Strong ) 0.002469, 0.006878, 0.990653;
    ( Clear, Strong ) 0.002514, 0.002357, 0.995129;
};

probability ( WndHodograph ) {
    table 0.301645, 0.249891, 0.246650, 0.201814;
};

probability ( OutflowFrMt | InsInMt, WndHodograph ) {
    ( None, DCVZFavor ) 0.996791, 0.001783, 0.001426;
    ( Weak, DCVZFavor ) 0.493118, 0.419133, 0.087749;
    ( Strong, DCVZFavor ) 0.045816, 0.439667, 0.514517;
    ( None, StrongWest ) 0.994726, 0.003245, 0.002028;
    ( Weak, StrongWest ) 0.180099, 0.382260, 0.437641;
    ( Strong, StrongWest ) 0.015714, 0.161404, 0.822881;
    ( None, Westerly ) 0.995325, 0.002125, 0.002550;
    ( Weak, Westerly ) 0.350586, 0.583097, 0.066316;
    ( Strong, Westerly ) 0.113804, 0.218098, 0.668098;
    ( None, Other ) 0.998922, 0.000539, 0.000539;
    ( Weak, Other ) 0.793708, 0.190304, 0.015988;
    ( Strong, Other ) 0.611910, 0.288472, 0.099618;
};

probability ( MorningBound ) {
    table 0.496160, 0.357322, 0.146518;
};

probability ( Boundaries | OutflowFrMt, WndHodograph, MorningBound ) {
    ( None, DCVZFavor, None ) 0.483966, 0.491139, 0.024895;
    ( Weak, DCVZFavor, None ) 0.276096, 0.646215, 0.077689;
    ( Strong, DCVZFavor, None ) 0.002710, 0.555104, 0.442186;
    ( None, StrongWest, None ) 0.726221, 0.241003, 0.032776;
    ( Weak, StrongWest, None ) 0.171797, 0.709037, 0.119166;
    ( Strong, StrongWest, None ) 0.001838, 0.513174, 0.484988;
    ( None, Westerly, None ) 0.778317, 0.207120, 0.014563;
    ( Weak, Westerly, None ) 0.158845, 0.723466, 0.117690;
    ( Strong, Westerly, None ) 0.000452, 0.691682, 0.307866;
    ( None, Other, None ) 0.725186, 0.248139, 0.026675;
    ( Weak, Other, None ) 0.416322, 0.508264, 0.075413;
    ( Strong, Other, None ) 0.035971, 0.744604, 0.219424;
    ( None, DCVZFavor, Weak ) 0.385999, 0.409120, 0.204881;
    ( Weak, DCVZFavor, Weak ) 0.094181, 0.525495, 0.380324;
    ( Strong, DCVZFavor, Weak ) 0.002016, 0.404570, 0.593414;
    ( None, StrongWest, Weak ) 0.495495, 0.405405, 0.099099;
    ( Weak, StrongWest, Weak ) 0.075931, 0.737822, 0.186246;
    ( Strong, StrongWest, Weak ) 0.000412, 0.402308, 0.597279;
    ( None, Westerly, Weak ) 0.349357, 0.516588, 0.134056;
    ( Weak, Westerly, Weak ) 0.054650, 0.790988, 0.154362;
    ( Strong, Westerly, Weak ) 0.004197, 0.502398, 0.493405;
    ( None, Other, Weak ) 0.279418, 0.585119, 0.135463;
    ( Weak, Other, Weak ) 0.246217, 0.636864, 0.116919;
    ( Strong, Other, Weak ) 0.029536, 0.434599, 0.535865;
    ( None, DCVZFavor, Strong ) 0.120235, 0.274194, 0.605572;
    ( Weak, DCVZFavor, Strong ) 0.014041, 0.251170, 0.734789;
    ( Strong, DCVZFavor, Strong ) 0.001311, 0.155963, 0.842726;
    ( None, StrongWest, Strong ) 0.292683, 0.378049, 0.329268;
    ( Weak, StrongWest, Strong ) 0.054475, 0.447471, 0.498054;
    ( Strong, StrongWest, Strong ) 0.001116, 0.210938, 0.787946;
    ( None, Westerly, Strong ) 0.230032, 0.380192, 0.389776;
    ( Weak, Westerly, Strong ) 0.058166, 0.480984, 0.460850;
    ( Strong, Westerly, Strong ) 0.001534, 0.190184, 0.808282;
    ( None, Other, Strong ) 0.048068, 0.363808, 0.588124;
    ( Weak, Other, Strong ) 0.052830, 0.301887, 0.645283;
    ( Strong, Other, Strong ) 0.014286, 0.171429, 0.814286;
};

probability ( CldShadeConv | InsInMt, WndHodograph ) {
    ( None, DCVZFavor ) 0.994296, 0.004278, 0.001426;
    ( Weak, DCVZFavor ) 0.341707, 0.568479, 0.089814;
    ( Strong, DCVZFavor ) 0.002450, 0.320103, 0.677447;
    ( None, StrongWest ) 0.996349, 0.002028, 0.001623;
    ( Weak, StrongWest ) 0.209815, 0.678523, 0.111661;
    ( Strong, StrongWest ) 0.001616, 0.200029, 0.798355;
    ( None, Westerly ) 0.997450, 0.002125, 0.000425;
    ( Weak, Westerly ) 0.515164, 0.439951, 0.044885;
    ( Strong, Westerly ) 0.098313, 0.494018, 0.407669;
    ( None, Other ) 0.998922, 0.000539, 0.000539;
    ( Weak, Other ) 0.774626, 0.215575, 0.009799;
    ( Strong, Other ) 0.503733, 0.386997, 0.109270;
};

probability ( CompPlFcst | Boundaries, CldShadeConv, AreaMeso_ALS, CldShadeOth ) {
    ( None, None, StrongUp, Cloudy ) 0.321721, 0.350410, 0.327869;
    ( Weak, None, StrongUp, Cloudy ) 0.424063, 0.360947, 0.214990;
    ( Strong, None, StrongUp, Cloudy ) 0.396313, 0.285714, 0.317972;
    ( None, Some, StrongUp, Cloudy ) 0.482143, 0.276786, 0.241071;
    ( Weak, Some, StrongUp, Cloudy ) 0.303318, 0.341232, 0.355450;
    ( Strong, Some, StrongUp, Cloudy ) 0.351852, 0.307407, 0.340741;
    ( None, Marked, StrongUp, Cloudy ) 0.525641, 0.333333, 0.141026;
    ( Weak, Marked, StrongUp, Cloudy ) 0.426471, 0.384804, 0.188725;
    ( Strong, Marked, StrongUp, Cloudy ) 0.262840, 0.425982, 0.311178;
    ( None, None, WeakUp, Cloudy ) 0.601103, 0.301471, 0.097426;
    ( Weak, None, WeakUp, Cloudy ) 0.463636, 0.245455, 0.290909;
    ( Strong, None, WeakUp, Cloudy ) 0.323077, 0.420513, 0.256410;
    ( None, Some, WeakUp, Cloudy ) 0.597484, 0.333333, 0.069182;
    ( Weak, Some, WeakUp, Cloudy ) 0.522546, 0.302387, 0.175066;
    ( Strong, Some, WeakUp, Cloudy ) 0.400709, 0.205674, 0.393617;
    ( None, Marked, WeakUp, Cloudy ) 0.653061, 0.326531, 0.020408;
    ( Weak, Marked, WeakUp, Cloudy ) 0.571111, 0.326667, 0.102222;
    ( Strong, Marked, WeakUp, Cloudy ) 0.464380, 0.343008, 0.192612;
    ( None, None, Neutral, Cloudy ) 0.655738, 0.317623, 0.026639;
    ( Weak, None, Neutral, Cloudy ) 0.512428, 0.279159, 0.208413;
    ( Strong, None, Neutral, Cloudy ) 0.589744, 0.179487, 0.230769;
    ( None, Some, Neutral, Cloudy ) 0.708955, 0.208955, 0.082090;
    ( Weak, Some, Neutral, Cloudy ) 0.574949, 0.324435, 0.100616;
    ( Strong, Some, Neutral, Cloudy ) 0.601307, 0.183007, 0.215686;
    ( None, Marked, Neutral, Cloudy ) 0.681319, 0.285714, 0.032967;
    ( Weak, Marked, Neutral, Cloudy ) 0.579710, 0.292754, 0.127536;
    ( Strong, Marked, Neutral, Cloudy ) 0.472973, 0.432432, 0.094595;
    ( None, None, Down, Cloudy ) 0.521739, 0.440994, 0.037267;
    ( Weak, None, Down, Cloudy ) 0.508571, 0.457143, 0.034286;
    ( Strong, None, Down, Cloudy ) 0.789474, 0.105263, 0.105263;
    ( None, Some, Down, Cloudy ) 0.538462, 0.442308, 0.019231;
    ( Weak, Some, Down, Cloudy ) 0.686957, 0.252174, 0.060870;
    ( Strong, Some, Down, Cloudy ) 0.323529, 0.529412, 0.147059;
    ( None, Marked, Down, Cloudy ) 0.500000, 0.428571, 0.071429;
    ( Weak, Marked, Down, Cloudy ) 0.644231, 0.250000, 0.105769;
    ( Strong, Marked, Down, Cloudy ) 0.664384, 0.253425, 0.082192;
    ( None, None, StrongUp, PC ) 0.068627, 0.366013, 0.565359;
    ( Weak, None, StrongUp, PC ) 0.003676, 0.386029, 0.610294;
    ( Strong, None, StrongUp, PC ) 0.013333, 0.240000, 0.746667;
    ( None, Some, StrongUp, PC ) 0.409091, 0.238636, 0.352273;
    ( Weak, Some, StrongUp, PC ) 0.089005, 0.277487, 0.633508;
    ( Strong, Some, StrongUp, PC ) 0.086207, 0.577586, 0.336207;
    ( None, Marked, StrongUp, PC ) 0.538462, 0.179487, 0.282051;
    ( Weak, Marked, StrongUp, PC ) 0.255000, 0.555000, 0.190000;
    ( Strong, Marked, StrongUp, PC ) 0.163158, 0.326316, 0.510526;
    ( None, None, WeakUp, PC ) 0.413451, 0.284454, 0.302095;
    ( Weak, None, WeakUp, PC ) 0.302998, 0.368308, 0.328694;
    ( Strong, None, WeakUp, PC ) 0.150470, 0.357367, 0.492163;
    ( None, Some, WeakUp, PC ) 0.351351, 0.366795, 0.281853;
    ( Weak, Some, WeakUp, PC ) 0.402597, 0.349469, 0.247934;
    ( Strong, Some, WeakUp, PC ) 0.197248, 0.435780, 0.366972;
    ( None, Marked, WeakUp, PC ) 0.702128, 0.156028, 0.141844;
    ( Weak, Marked, WeakUp, PC ) 0.441001, 0.374255, 0.184744;
    ( Strong, Marked, WeakUp, PC ) 0.354788, 0.387755, 0.257457;
    ( None, None, Neutral, PC ) 0.453726, 0.415233, 0.131040;
    ( Weak, None, Neutral, PC ) 0.371083, 0.415242, 0.213675;
    ( Strong, None, Neutral, PC ) 0.256831, 0.422587, 0.320583;
    ( None, Some, Neutral, PC ) 0.426087, 0.441304, 0.132609;
    ( Weak, Some, Neutral, PC ) 0.455538, 0.401716, 0.142746;
    ( Strong, Some, Neutral, PC ) 0.368047, 0.418935, 0.213018;
    ( None, Marked, Neutral, PC ) 0.634043, 0.285106, 0.080851;
    ( Weak, Marked, Neutral, PC ) 0.538288, 0.301051, 0.160661;
    ( Strong, Marked, Neutral, PC ) 0.390815, 0.383318, 0.225867;
    ( None, None, Down, PC ) 0.652466, 0.311659, 0.035874;
    ( Weak, None, Down, PC ) 0.605634, 0.288732, 0.105634;
    ( Strong, None, Down, PC ) 0.419689, 0.295337, 0.284974;
    ( None, Some, Down, PC ) 0.706522, 0.233696, 0.059783;
    ( Weak, Some, Down, PC ) 0.615023, 0.255869, 0.129108;
    ( Strong, Some, Down, PC ) 0.481061, 0.325758, 0.193182;
    ( None, Marked, Down, PC ) 0.854545, 0.127273, 0.018182;
    ( Weak, Marked, Down, PC ) 0.769811, 0.158491, 0.071698;
    ( Strong, Marked, Down, PC ) 0.683735, 0.265060, 0.051205;
    ( None, None, StrongUp, Clear ) 0.123077, 0.353846, 0.523077;
    ( Weak, None, StrongUp, Clear ) 0.037736, 0.257862, 0.704403;
    ( Strong, None, StrongUp, Clear ) 0.019608, 0.274510, 0.705882;
    ( None, Some, StrongUp, Clear ) 0.324324, 0.162162, 0.513514;
    ( Weak, Some, StrongUp, Clear ) 0.105590, 0.236025, 0.658385;
    ( Strong, Some, StrongUp, Clear ) 0.040816, 0.387755, 0.571429;
    ( None, Marked, StrongUp, Clear ) 0.366667, 0.400000, 0.233333;
    ( Weak, Marked, StrongUp, Clear ) 0.095890, 0.349315, 0.554795;
    ( Strong, Marked, StrongUp, Clear ) 0.236994, 0.236994, 0.526012;
    ( None, None, WeakUp, Clear ) 0.187888, 0.563665, 0.248447;
    ( Weak, None, WeakUp, Clear ) 0.119760, 0.528942, 0.351297;
    ( Strong, None, WeakUp, Clear ) 0.088000, 0.280000, 0.632000;
    ( None, Some, WeakUp, Clear ) 0.306306, 0.531532, 0.162162;
    ( Weak, Some, WeakUp, Clear ) 0.173239, 0.490141, 0.336620;
    ( Strong, Some, WeakUp, Clear ) 0.168675, 0.383133, 0.448193;
    ( None, Marked, WeakUp, Clear ) 0.351562, 0.429688, 0.218750;
    ( Weak, Marked, WeakUp, Clear ) 0.305412, 0.500000, 0.194588;
    ( Strong, Marked, WeakUp, Clear ) 0.180060, 0.395833, 0.424107;
    ( None, None, Neutral, Clear ) 0.235880, 0.464286, 0.299834;
    ( Weak, None, Neutral, Clear ) 0.190194, 0.419273, 0.390533;
    ( Strong, None, Neutral, Clear ) 0.131021, 0.458574, 0.410405;
    ( None, Some, Neutral, Clear ) 0.305747, 0.427586, 0.266667;
    ( Weak, Some, Neutral, Clear ) 0.264939, 0.460763, 0.274298;
    ( Strong, Some, Neutral, Clear ) 0.188841, 0.462446, 0.348712;
    ( None, Marked, Neutral, Clear ) 0.593525, 0.345324, 0.061151;
    ( Weak, Marked, Neutral, Clear ) 0.468614, 0.282163, 0.249223;
    ( Strong, Marked, Neutral, Clear ) 0.385329, 0.406408, 0.208263;
    ( None, None, Down, Clear ) 0.565436, 0.390940, 0.043624;
    ( Weak, None, Down, Clear ) 0.664940, 0.222798, 0.112263;
    ( Strong, None, Down, Clear ) 0.434959, 0.382114, 0.182927;
    ( None, Some, Down, Clear ) 0.628205, 0.333333, 0.038462;
    ( Weak, Some, Down, Clear ) 0.620592, 0.331453, 0.047955;
    ( Strong, Some, Down, Clear ) 0.487078, 0.405567, 0.107356;
    ( None, Marked, Down, Clear ) 0.876712, 0.116438, 0.006849;
    ( Weak, Marked, Down, Clear ) 0.670022, 0.248322, 0.081655;
    ( Strong, Marked, Down, Clear ) 0.578947, 0.335526, 0.085526;
};

probability ( CapChange | CompPlFcst ) {
    ( IncCapDecIns ) 0.002430, 0.004698, 0.992873;
    ( LittleChange ) 0.004346, 0.987439, 0.008215;
    ( DecCapIncIns ) 0.988268, 0.004693, 0.007039;
};

probability ( LoLevMoistAd ) {
    table 0.128611, 0.279782, 0.293443, 0.298164;
};

probability ( InsChange | LoLevMoistAd, CompPlFcst ) {
    ( StrongPos, IncCapDecIns ) 0.006143, 0.066696, 0.927161;
    ( WeakPos, IncCapDecIns ) 0.053481, 0.164916, 0.781603;
    ( Neutral, IncCapDecIns ) 0.134921, 0.492433, 0.372647;
    ( Negative, IncCapDecIns ) 0.502460, 0.391740, 0.105800;
    ( StrongPos, LittleChange ) 0.007881, 0.113835, 0.878284;
    ( WeakPos, LittleChange ) 0.107566, 0.404903, 0.487532;
    ( Neutral, LittleChange ) 0.195555, 0.598287, 0.206158;
    ( Negative, LittleChange ) 0.799059, 0.152445, 0.048496;
    ( StrongPos, DecCapIncIns ) 0.050111, 0.126750, 0.823139;
    ( WeakPos, DecCapIncIns ) 0.224374, 0.513856, 0.261770;
    ( Neutral, DecCapIncIns ) 0.365984, 0.489449, 0.144567;
    ( Negative, DecCapIncIns ) 0.885241, 0.104240, 0.010520;
};

probability ( MountainFcst | InsInMt ) {
    ( None ) 0.999261, 0.000528, 0.000211;
    ( Weak ) 0.474082, 0.506191, 0.019727;
    ( Strong ) 0.197153, 0.508860, 0.293987;
};

probability ( Date ) {
    table 0.254188, 0.126430, 0.103959, 0.214270, 0.073483, 0.227670;
};

probability ( Scenario | Date ) {
    ( May15_Jun14 ) 0.093886, 0.158615, 0.106285, 0.092689, 0.080034, 0.011287, 0.081317, 0.096708, 0.089782, 0.026593, 0.162805;
    ( Jun15_Jul1 ) 0.038818, 0.161972, 0.092752, 0.106664, 0.125730, 0.015115, 0.126761, 0.053075, 0.077121, 0.105977, 0.096015;
    ( Jul2_Jul15 ) 0.035289, 0.110044, 0.094383, 0.083316, 0.161203, 0.031113, 0.139695, 0.041136, 0.066402, 0.147004, 0.090416;
    ( Jul16_Aug10 ) 0.038945, 0.130933, 0.092698, 0.066734, 0.201014, 0.074645, 0.062373, 0.051318, 0.074544, 0.123124, 0.083671;
    ( Aug11_Aug20 ) 0.041617, 0.124852, 0.119244, 0.067591, 0.162338, 0.048406, 0.090319, 0.053719, 0.080874, 0.125148, 0.085891;
    ( Aug20_Sep15 ) 0.049255, 0.110061, 0.102138, 0.086961, 0.105861, 0.018709, 0.105193, 0.070256, 0.081233, 0.107006, 0.163326;
};

probability ( ScenRelAMCIN | Scenario ) {
    ( A ) 0.985771, 0.014229;
    ( B ) 0.987395, 0.012605;
    ( C ) 0.002598, 0.997402;
    ( D ) 0.003848, 0.996152;
    ( E ) 0.002797, 0.997203;
    ( F ) 0.006160, 0.993840;
    ( G ) 0.003655, 0.996345;
    ( H ) 0.001636, 0.998364;
    ( I ) 0.003812, 0.996188;
    ( J ) 0.004787, 0.995213;
    ( K ) 0.002973, 0.997027;
};

probability ( MorningCIN ) {
    table 0.150496, 0.568613, 0.202619, 0.078272;
};

probability ( AMCINInScen | ScenRelAMCIN, MorningCIN ) {
    ( AB, None ) 0.992081, 0.006479, 0.001440;
    ( CThruK, None ) 0.726238, 0.267257, 0.006505;
    ( AB, PartInhibit ) 0.589177, 0.383462, 0.027361;
    ( CThruK, PartInhibit ) 0.301853, 0.591211, 0.106936;
    ( AB, Stifling ) 0.244367, 0.485269, 0.270364;
    ( CThruK, Stifling ) 0.017396, 0.395229, 0.587375;
    ( AB, TotalInhibit ) 0.010340, 0.094535, 0.895126;
    ( CThruK, TotalInhibit ) 0.003076, 0.043404, 0.953520;
};

probability ( CapInScen | AMCINInScen, CapChange ) {
    ( LessThanAve, Decreasing ) 0.997037, 0.002667, 0.000296;
    ( Average, Decreasing ) 0.735442, 0.262254, 0.002304;
    ( MoreThanAve, Decreasing ) 0.292216, 0.357685, 0.350100;
    ( LessThanAve, LittleChange ) 0.971720, 0.027051, 0.001230;
    ( Average, LittleChange ) 0.039299, 0.924391, 0.036309;
    ( MoreThanAve, LittleChange ) 0.001495, 0.037120, 0.961385;
    ( LessThanAve, Increasing ) 0.325121, 0.374396, 0.300483;
    ( Average, Increasing ) 0.002330, 0.242610, 0.755059;
    ( MoreThanAve, Increasing ) 0.000707, 0.002592, 0.996701;
};

probability ( ScenRelAMIns | Scenario ) {
    ( A ) 0.986188, 0.007103, 0.001579, 0.001579, 0.000395, 0.003157;
    ( B ) 0.988372, 0.005652, 0.000969, 0.001938, 0.001776, 0.001292;
    ( C ) 0.004759, 0.988536, 0.001082, 0.001082, 0.000865, 0.003677;
    ( D ) 0.005126, 0.987955, 0.001025, 0.002050, 0.002563, 0.001281;
    ( E ) 0.004276, 0.990462, 0.001151, 0.001316, 0.000822, 0.001973;
    ( F ) 0.006826, 0.009556, 0.978840, 0.002730, 0.000683, 0.001365;
    ( G ) 0.005022, 0.004793, 0.001141, 0.983794, 0.002967, 0.002283;
    ( H ) 0.002940, 0.006861, 0.000980, 0.002940, 0.982685, 0.003594;
    ( I ) 0.987762, 0.004895, 0.001360, 0.001632, 0.001904, 0.002448;
    ( J ) 0.007060, 0.984742, 0.002277, 0.003416, 0.001139, 0.001366;
    ( K ) 0.003669, 0.006815, 0.000699, 0.001573, 0.001747, 0.985497;
};

probability ( LIfr12ZDENSd ) {
    table 0.097829, 0.527389, 0.295836, 0.078946;
};

probability ( AMDewptCalPl ) {
    table 0.292579, 0.250288, 0.457132;
};

probability ( AMInsWliScen | ScenRelAMIns, LIfr12ZDENSd, AMDewptCalPl ) {
    ( ABI, LIGt0, Instability ) 0.522727, 0.328283, 0.148990;
    ( CDEJ, LIGt0, Instability ) 0.370370, 0.257202, 0.372428;
    ( F, LIGt0, Instability ) 0.296296, 0.388889, 0.314815;
    ( G, LIGt0, Instability ) 0.289855, 0.398551, 0.311594;
    ( H, LIGt0, Instability ) 0.343750, 0.572917, 0.083333;
    ( K, LIGt0, Instability ) 0.342857, 0.531429, 0.125714;
    ( ABI, N1GtLIGt_4, Instability ) 0.330864, 0.291358, 0.377778;
    ( CDEJ, N1GtLIGt_4, Instability ) 0.160641, 0.307299, 0.532060;
    ( F, N1GtLIGt_4, Instability ) 0.126263, 0.267677, 0.606061;
    ( G, N1GtLIGt_4, Instability ) 0.142649, 0.326055, 0.531295;
    ( H, N1GtLIGt_4, Instability ) 0.072266, 0.285156, 0.642578;
    ( K, N1GtLIGt_4, Instability ) 0.096916, 0.375551, 0.527533;
    ( ABI, N5GtLIGt_8, Instability ) 0.074953, 0.248577, 0.676471;
    ( CDEJ, N5GtLIGt_8, Instability ) 0.027578, 0.157074, 0.815348;
    ( F, N5GtLIGt_8, Instability ) 0.008547, 0.025641, 0.965812;
    ( G, N5GtLIGt_8, Instability ) 0.097983, 0.259366, 0.642651;
    ( H, N5GtLIGt_8, Instability ) 0.043307, 0.200787, 0.755906;
    ( K, N5GtLIGt_8, Instability ) 0.050607, 0.206478, 0.742915;
    ( ABI, LILt_8, Instability ) 0.011811, 0.078740, 0.909449;
    ( CDEJ, LILt_8, Instability ) 0.021898, 0.068127, 0.909976;
    ( F, LILt_8, Instability ) 0.027778, 0.027778, 0.944444;
    ( G, LILt_8, Instability ) 0.067416, 0.067416, 0.865169;
    ( H, LILt_8, Instability ) 0.015625, 0.203125, 0.781250;
    ( K, LILt_8, Instability ) 0.008000, 0.136000, 0.856000;
    ( ABI, LIGt0, Neutral ) 0.874494, 0.097166, 0.028340;
    ( CDEJ, LIGt0, Neutral ) 0.672253, 0.236499, 0.091248;
    ( F, LIGt0, Neutral ) 0.666667, 0.307692, 0.025641;
    ( G, LIGt0, Neutral ) 0.550000, 0.400000, 0.050000;
    ( H, LIGt0, Neutral ) 0.652778, 0.180556, 0.166667;
    ( K, LIGt0, Neutral ) 0.343750, 0.601562, 0.054688;
    ( ABI, N1GtLIGt_4, Neutral ) 0.482503, 0.276581, 0.240915;
    ( CDEJ, N1GtLIGt_4, Neutral ) 0.240545, 0.511725, 0.247731;
    ( F, N1GtLIGt_4, Neutral ) 0.179612, 0.674757, 0.145631;
    ( G, N1GtLIGt_4, Neutral ) 0.193609, 0.607143, 0.199248;
    ( H, N1GtLIGt_4, Neutral ) 0.205479, 0.426941, 0.367580;
    ( K, N1GtLIGt_4, Neutral ) 0.234536, 0.525773, 0.239691;
    ( ABI, N5GtLIGt_8, Neutral ) 0.156584, 0.436536, 0.406880;
    ( CDEJ, N5GtLIGt_8, Neutral ) 0.218116, 0.324638, 0.457246;
    ( F, N5GtLIGt_8, Neutral ) 0.058824, 0.450980, 0.490196;
    ( G, N5GtLIGt_8, Neutral ) 0.139785, 0.512545, 0.347670;
    ( H, N5GtLIGt_8, Neutral ) 0.007752, 0.333333, 0.658915;
    ( K, N5GtLIGt_8, Neutral ) 0.100418, 0.428870, 0.470711;
    ( ABI, LILt_8, Neutral ) 0.007194, 0.165468, 0.827338;
    ( CDEJ, LILt_8, Neutral ) 0.023923, 0.126794, 0.849282;
    ( F, LILt_8, Neutral ) 0.041667, 0.041667, 0.916667;
    ( G, LILt_8, Neutral ) 0.076923, 0.285714, 0.637363;
    ( H, LILt_8, Neutral ) 0.013333, 0.160000, 0.826667;
    ( K, LILt_8, Neutral ) 0.057143, 0.152381, 0.790476;
    ( ABI, LIGt0, Stability ) 0.937075, 0.047619, 0.015306;
    ( CDEJ, LIGt0, Stability ) 0.855670, 0.103093, 0.041237;
    ( F, LIGt0, Stability ) 0.740260, 0.168831, 0.090909;
    ( G, LIGt0, Stability ) 0.707547, 0.245283, 0.047170;
    ( H, LIGt0, Stability ) 0.522727, 0.469697, 0.007576;
    ( K, LIGt0, Stability ) 0.451362, 0.400778, 0.147860;
    ( ABI, N1GtLIGt_4, Stability ) 0.766656, 0.182823, 0.050521;
    ( CDEJ, N1GtLIGt_4, Stability ) 0.603196, 0.301598, 0.095206;
    ( F, N1GtLIGt_4, Stability ) 0.526448, 0.400504, 0.073048;
    ( G, N1GtLIGt_4, Stability ) 0.121270, 0.694899, 0.183831;
    ( H, N1GtLIGt_4, Stability ) 0.431853, 0.451761, 0.116386;
    ( K, N1GtLIGt_4, Stability ) 0.327215, 0.526736, 0.146049;
    ( ABI, N5GtLIGt_8, Stability ) 0.531250, 0.393029, 0.075721;
    ( CDEJ, N5GtLIGt_8, Stability ) 0.453438, 0.406287, 0.140275;
    ( F, N5GtLIGt_8, Stability ) 0.330233, 0.474419, 0.195349;
    ( G, N5GtLIGt_8, Stability ) 0.113019, 0.703863, 0.183119;
    ( H, N5GtLIGt_8, Stability ) 0.126667, 0.417778, 0.455556;
    ( K, N5GtLIGt_8, Stability ) 0.162733, 0.293168, 0.544099;
    ( ABI, LILt_8, Stability ) 0.360920, 0.333333, 0.305747;
    ( CDEJ, LILt_8, Stability ) 0.301521, 0.269710, 0.428769;
    ( F, LILt_8, Stability ) 0.021277, 0.468085, 0.510638;
    ( G, LILt_8, Stability ) 0.111111, 0.216049, 0.672840;
    ( H, LILt_8, Stability ) 0.166667, 0.333333, 0.500000;
    ( K, LILt_8, Stability ) 0.076305, 0.373494, 0.550201;
};

probability ( InsSclInScen | AMInsWliScen, InsChange ) {
    ( LessUnstable, Decreasing ) 0.992365, 0.005778, 0.001857;
    ( Average, Decreasing ) 0.545974, 0.447426, 0.006599;
    ( MoreUnstable, Decreasing ) 0.238691, 0.351998, 0.409310;
    ( LessUnstable, LittleChange ) 0.898331, 0.097788, 0.003880;
    ( Average, LittleChange ) 0.145624, 0.696553, 0.157823;
    ( MoreUnstable, LittleChange ) 0.004977, 0.104320, 0.890703;
    ( LessUnstable, Increasing ) 0.381844, 0.348784, 0.269372;
    ( Average, Increasing ) 0.003673, 0.385167, 0.611160;
    ( MoreUnstable, Increasing ) 0.002846, 0.008539, 0.988615;
};

probability ( ScenRel3_4 | Scenario ) {
    ( A ) 0.992499, 0.002369, 0.001184, 0.002369, 0.001579;
    ( B ) 0.006623, 0.984978, 0.002100, 0.003069, 0.003230;
    ( C ) 0.992644, 0.001514, 0.000649, 0.002164, 0.003029;
    ( D ) 0.006665, 0.002051, 0.984363, 0.003332, 0.003589;
    ( E ) 0.992270, 0.001974, 0.001151, 0.002632, 0.001974;
    ( F ) 0.986339, 0.004098, 0.001366, 0.005464, 0.002732;
    ( G ) 0.007306, 0.003196, 0.000685, 0.984703, 0.004110;
    ( H ) 0.008170, 0.000980, 0.002288, 0.003922, 0.984641;
    ( I ) 0.009249, 0.001904, 0.000816, 0.001904, 0.986126;
    ( J ) 0.008656, 0.003645, 0.001139, 0.983599, 0.002961;
    ( K ) 0.991437, 0.001922, 0.001223, 0.002971, 0.002447;
};

probability ( LatestCIN ) {
    table 0.406065, 0.398386, 0.147537, 0.048012;
};

probability ( LLIW ) {
    table 0.126914, 0.309694, 0.380395, 0.182997;
};

probability ( CurPropConv | LatestCIN, LLIW ) {
    ( None, Unfavorable ) 0.696817, 0.273451, 0.023869, 0.005863;
    ( PartInhibit, Unfavorable ) 0.870322, 0.114883, 0.013055, 0.001741;
    ( Stifling, Unfavorable ) 0.947479, 0.050420, 0.001050, 0.001050;
    ( TotalInhibit, Unfavorable ) 0.976303, 0.014218, 0.004739, 0.004739;
    ( None, Weak ) 0.121882, 0.472139, 0.297718, 0.108261;
    ( PartInhibit, Weak ) 0.613532, 0.273638, 0.102812, 0.010018;
    ( Stifling, Weak ) 0.743730, 0.217510, 0.036024, 0.002736;
    ( TotalInhibit, Weak ) 0.925874, 0.065734, 0.005594, 0.002797;
    ( None, Moderate ) 0.017729, 0.153186, 0.324654, 0.504432;
    ( PartInhibit, Moderate ) 0.247916, 0.347657, 0.313740, 0.090687;
    ( Stifling, Moderate ) 0.405827, 0.399672, 0.164957, 0.029545;
    ( TotalInhibit, Moderate ) 0.740406, 0.216704, 0.038375, 0.004515;
    ( None, Strong ) 0.003801, 0.035088, 0.176901, 0.784211;
    ( PartInhibit, Strong ) 0.016854, 0.151981, 0.337670, 0.493495;
    ( Stifling, Strong ) 0.242798, 0.308642, 0.320165, 0.128395;
    ( TotalInhibit, Strong ) 0.387805, 0.431707, 0.082927, 0.097561;
};

probability ( ScnRelPlFcst | Scenario ) {
    ( A ) 0.981095, 0.002363, 0.003151, 0.001182, 0.002757, 0.001575, 0.001575, 0.000394, 0.001575, 0.001182, 0.003151;
    ( B ) 0.001936, 0.984186, 0.000968, 0.001775, 0.002098, 0.000968, 0.001936, 0.001775, 0.001775, 0.001291, 0.001291;
    ( C ) 0.001513, 0.001513, 0.983794, 0.000648, 0.002161, 0.001080, 0.001080, 0.001080, 0.002377, 0.001296, 0.003457;
    ( D ) 0.001792, 0.002048, 0.001024, 0.982851, 0.002304, 0.001024, 0.002048, 0.002560, 0.001536, 0.001536, 0.001280;
    ( E ) 0.001150, 0.001972, 0.002300, 0.001150, 0.985212, 0.001150, 0.001479, 0.000822, 0.001314, 0.001479, 0.001972;
    ( F ) 0.002041, 0.004762, 0.001361, 0.001361, 0.005442, 0.974830, 0.002721, 0.000680, 0.002041, 0.003401, 0.001361;
