// Bayesian Network (Learned via Stochastic EM)

variable N0_7muVerMo {
  type discrete [ 4 ] = { StrongUp, WeakUp, Neutral, Down };
};
variable SubjVertMo {
  type discrete [ 4 ] = { StronUp, WeakUp, Neutral, Down };
};
variable QGVertMotion {
  type discrete [ 4 ] = { StrongUp, WeakUp, Neutral, Down };
};
variable CombVerMo {
  type discrete [ 4 ] = { StrongUp, WeakUp, Neutral, Down };
};
variable AreaMeso_ALS {
  type discrete [ 4 ] = { StrongUp, WeakUp, Neutral, Down };
};
variable SatContMoist {
  type discrete [ 4 ] = { VeryWet, Wet, Neutral, Dry };
};
variable RaoContMoist {
  type discrete [ 4 ] = { VeryWet, Wet, Neutral, Dry };
};
variable CombMoisture {
  type discrete [ 4 ] = { VeryWet, Wet, Neutral, Dry };
};
variable AreaMoDryAir {
  type discrete [ 4 ] = { VeryWet, Wet, Neutral, Dry };
};
variable VISCloudCov {
  type discrete [ 3 ] = { Cloudy, PC, Clear };
};
variable IRCloudCover {
  type discrete [ 3 ] = { Cloudy, PC, Clear };
};
variable CombClouds {
  type discrete [ 3 ] = { Cloudy, PC, Clear };
};
variable CldShadeOth {
  type discrete [ 3 ] = { Cloudy, PC, Clear };
};
variable AMInstabMt {
  type discrete [ 3 ] = { None, Weak, Strong };
};
variable InsInMt {
  type discrete [ 3 ] = { None, Weak, Strong };
};
variable WndHodograph {
  type discrete [ 4 ] = { DCVZFavor, StrongWest, Westerly, Other };
};
variable OutflowFrMt {
  type discrete [ 3 ] = { None, Weak, Strong };
};
variable MorningBound {
  type discrete [ 3 ] = { None, Weak, Strong };
};
variable Boundaries {
  type discrete [ 3 ] = { None, Weak, Strong };
};
variable CldShadeConv {
  type discrete [ 3 ] = { None, Some, Marked };
};
variable CompPlFcst {
  type discrete [ 3 ] = { IncCapDecIns, LittleChange, DecCapIncIns };
};
variable CapChange {
  type discrete [ 3 ] = { Decreasing, LittleChange, Increasing };
};
variable LoLevMoistAd {
  type discrete [ 4 ] = { StrongPos, WeakPos, Neutral, Negative };
};
variable InsChange {
  type discrete [ 3 ] = { Decreasing, LittleChange, Increasing };
};
variable MountainFcst {
  type discrete [ 3 ] = { XNIL, SIG, SVR };
};
variable Date {
  type discrete [ 6 ] = { May15_Jun14, Jun15_Jul1, Jul2_Jul15, Jul16_Aug10, Aug11_Aug20, Aug20_Sep15 };
};
variable Scenario {
  type discrete [ 11 ] = { A, B, C, D, E, F, G, H, I, J, K };
};
variable ScenRelAMCIN {
  type discrete [ 2 ] = { AB, CThruK };
};
variable MorningCIN {
  type discrete [ 4 ] = { None, PartInhibit, Stifling, TotalInhibit };
};
variable AMCINInScen {
  type discrete [ 3 ] = { LessThanAve, Average, MoreThanAve };
};
variable CapInScen {
  type discrete [ 3 ] = { LessThanAve, Average, MoreThanAve };
};
variable ScenRelAMIns {
  type discrete [ 6 ] = { ABI, CDEJ, F, G, H, K };
};
variable LIfr12ZDENSd {
  type discrete [ 4 ] = { LIGt0, N1GtLIGt_4, N5GtLIGt_8, LILt_8 };
};
variable AMDewptCalPl {
  type discrete [ 3 ] = { Instability, Neutral, Stability };
};
variable AMInsWliScen {
  type discrete [ 3 ] = { LessUnstable, Average, MoreUnstable };
};
variable InsSclInScen {
  type discrete [ 3 ] = { LessUnstable, Average, MoreUnstable };
};
variable ScenRel3_4 {
  type discrete [ 5 ] = { ACEFK, B, D, GJ, HI };
};
variable LatestCIN {
  type discrete [ 4 ] = { None, PartInhibit, Stifling, TotalInhibit };
};
variable LLIW {
  type discrete [ 4 ] = { Unfavorable, Weak, Moderate, Strong };
};
variable CurPropConv {
  type discrete [ 4 ] = { None, Slight, Moderate, Strong };
};
variable ScnRelPlFcst {
  type discrete [ 11 ] = { A, B, C, D, E, F, G, H, I, J, K };
};
variable PlainsFcst {
  type discrete [ 3 ] = { XNIL, SIG, SVR };
};
variable N34StarFcst {
  type discrete [ 3 ] = { XNIL, SIG, SVR };
};
variable R5Fcst {
  type discrete [ 3 ] = { XNIL, SIG, SVR };
};
variable Dewpoints {
  type discrete [ 7 ] = { LowEvrywhere, LowAtStation, LowSHighN, LowNHighS, LowMtsHighPl, HighEvrywher, Other };
};
variable LowLLapse {
  type discrete [ 4 ] = { CloseToDryAd, Steep, ModerateOrLe, Stable };
};
variable MeanRH {
  type discrete [ 3 ] = { VeryMoist, Average, Dry };
};
variable MidLLapse {
  type discrete [ 3 ] = { CloseToDryAd, Steep, ModerateOrLe };
};
variable MvmtFeatures {
  type discrete [ 4 ] = { StrongFront, MarkedUpper, OtherRapid, NoMajor };
};
variable RHRatio {
  type discrete [ 3 ] = { MoistMDryL, DryMMoistL, Other };
};
variable SfcWndShfDis {
  type discrete [ 7 ] = { DenvCyclone, E_W_N, E_W_S, MovingFtorOt, DryLine, None, Other };
};
variable SynForcng {
  type discrete [ 5 ] = { SigNegative, NegToPos, SigPositive, PosToNeg, LittleChange };
};
variable TempDis {
  type discrete [ 4 ] = { QStationary, Moving, None, Other };
};
variable WindAloft {
  type discrete [ 4 ] = { LV, SWQuad, NWQuad, AllElse };
};
variable WindFieldMt {
  type discrete [ 2 ] = { Westerly, LVorOther };
};
variable WindFieldPln {
  type discrete [ 6 ] = { LV, DenvCyclone, LongAnticyc, E_NE, SEQuad, WidespdDnsl };
};
probability ( N0_7muVerMo ) {
    table 0.256809, 0.252742, 0.242475, 0.247974;
};

probability ( SubjVertMo ) {
    table 0.148667, 0.146631, 0.503005, 0.201698;
};

probability ( QGVertMotion ) {
    table 0.148331, 0.151065, 0.489829, 0.210775;
};

probability ( CombVerMo | N0_7muVerMo, SubjVertMo, QGVertMotion ) {
    ( StrongUp, StronUp, StrongUp ) 0.966728, 0.010804, 0.012074, 0.010393;
    ( WeakUp, StronUp, StrongUp ) 0.878738, 0.103049, 0.008690, 0.009523;
    ( Neutral, StronUp, StrongUp ) 0.724955, 0.155368, 0.111095, 0.008582;
    ( Down, StronUp, StrongUp ) 0.180472, 0.430766, 0.306492, 0.082269;
    ( StrongUp, WeakUp, StrongUp ) 0.820971, 0.159484, 0.010611, 0.008934;
    ( WeakUp, WeakUp, StrongUp ) 0.672454, 0.304866, 0.011440, 0.011240;
    ( Neutral, WeakUp, StrongUp ) 0.158470, 0.652383, 0.175398, 0.013749;
    ( Down, WeakUp, StrongUp ) 0.100045, 0.346685, 0.444509, 0.108761;
    ( StrongUp, Neutral, StrongUp ) 0.693831, 0.227855, 0.075294, 0.003020;
    ( WeakUp, Neutral, StrongUp ) 0.129950, 0.698912, 0.168190, 0.002948;
    ( Neutral, Neutral, StrongUp ) 0.194254, 0.574446, 0.228618, 0.002682;
    ( Down, Neutral, StrongUp ) 0.114839, 0.231337, 0.558650, 0.095174;
    ( StrongUp, Down, StrongUp ) 0.295834, 0.420530, 0.171945, 0.111691;
    ( WeakUp, Down, StrongUp ) 0.177290, 0.310276, 0.432211, 0.080224;
    ( Neutral, Down, StrongUp ) 0.121233, 0.235089, 0.528869, 0.114808;
    ( Down, Down, StrongUp ) 0.102730, 0.061545, 0.245520, 0.590205;
    ( StrongUp, StronUp, WeakUp ) 0.884594, 0.092859, 0.012021, 0.010526;
    ( WeakUp, StronUp, WeakUp ) 0.668033, 0.312193, 0.009487, 0.010287;
    ( Neutral, StronUp, WeakUp ) 0.168163, 0.566300, 0.256570, 0.008966;
    ( Down, StronUp, WeakUp ) 0.106737, 0.278556, 0.497622, 0.117085;
    ( StrongUp, WeakUp, WeakUp ) 0.581398, 0.395668, 0.012475, 0.010459;
    ( WeakUp, WeakUp, WeakUp ) 0.008532, 0.974677, 0.008472, 0.008319;
    ( Neutral, WeakUp, WeakUp ) 0.010180, 0.654817, 0.325245, 0.009758;
    ( Down, WeakUp, WeakUp ) 0.010998, 0.221796, 0.627712, 0.139493;
    ( StrongUp, Neutral, WeakUp ) 0.155405, 0.682537, 0.159064, 0.002994;
    ( WeakUp, Neutral, WeakUp ) 0.002488, 0.701876, 0.293313, 0.002324;
    ( Neutral, Neutral, WeakUp ) 0.003503, 0.317981, 0.675267, 0.003249;
    ( Down, Neutral, WeakUp ) 0.002817, 0.126853, 0.497568, 0.372762;
    ( StrongUp, Down, WeakUp ) 0.121444, 0.337949, 0.405438, 0.135169;
    ( WeakUp, Down, WeakUp ) 0.007226, 0.228385, 0.599377, 0.165012;
    ( Neutral, Down, WeakUp ) 0.006792, 0.160728, 0.464996, 0.367484;
    ( Down, Down, WeakUp ) 0.007886, 0.123227, 0.178432, 0.690454;
    ( StrongUp, StronUp, Neutral ) 0.771640, 0.155568, 0.069966, 0.002826;
    ( WeakUp, StronUp, Neutral ) 0.162515, 0.682945, 0.151057, 0.003483;
    ( Neutral, StronUp, Neutral ) 0.132023, 0.578345, 0.286627, 0.003006;
    ( Down, StronUp, Neutral ) 0.109834, 0.184083, 0.597325, 0.108758;
    ( StrongUp, WeakUp, Neutral ) 0.102541, 0.749502, 0.144785, 0.003171;
    ( WeakUp, WeakUp, Neutral ) 0.002757, 0.746468, 0.247984, 0.002791;
    ( Neutral, WeakUp, Neutral ) 0.003458, 0.345462, 0.647684, 0.003396;
    ( Down, WeakUp, Neutral ) 0.002632, 0.177546, 0.516584, 0.303239;
    ( StrongUp, Neutral, Neutral ) 0.188516, 0.606267, 0.204336, 0.000881;
    ( WeakUp, Neutral, Neutral ) 0.000904, 0.284114, 0.714066, 0.000916;
    ( Neutral, Neutral, Neutral ) 0.000863, 0.000896, 0.997356, 0.000885;
    ( Down, Neutral, Neutral ) 0.000843, 0.000884, 0.679858, 0.318415;
    ( StrongUp, Down, Neutral ) 0.066900, 0.174757, 0.632996, 0.125346;
    ( WeakUp, Down, Neutral ) 0.002031, 0.169886, 0.488005, 0.340079;
    ( Neutral, Down, Neutral ) 0.002329, 0.002384, 0.689883, 0.305403;
    ( Down, Down, Neutral ) 0.002166, 0.002231, 0.312999, 0.682603;
    ( StrongUp, StronUp, Down ) 0.228221, 0.429865, 0.279804, 0.062109;
    ( WeakUp, StronUp, Down ) 0.119470, 0.368380, 0.397383, 0.114767;
    ( Neutral, StronUp, Down ) 0.050713, 0.204527, 0.670302, 0.074458;
    ( Down, StronUp, Down ) 0.100752, 0.062282, 0.281107, 0.555859;
    ( StrongUp, WeakUp, Down ) 0.088170, 0.305917, 0.483462, 0.122450;
    ( WeakUp, WeakUp, Down ) 0.006070, 0.182329, 0.725833, 0.085769;
    ( Neutral, WeakUp, Down ) 0.006431, 0.161371, 0.385152, 0.447046;
    ( Down, WeakUp, Down ) 0.007030, 0.102446, 0.202890, 0.687635;
    ( StrongUp, Neutral, Down ) 0.117107, 0.222025, 0.577846, 0.083021;
    ( WeakUp, Neutral, Down ) 0.002163, 0.185539, 0.358964, 0.453334;
    ( Neutral, Neutral, Down ) 0.001911, 0.001999, 0.701614, 0.294476;
    ( Down, Neutral, Down ) 0.001977, 0.002083, 0.327042, 0.668899;
    ( StrongUp, Down, Down ) 0.082977, 0.109801, 0.132559, 0.674664;
    ( WeakUp, Down, Down ) 0.004653, 0.083249, 0.153217, 0.758882;
    ( Neutral, Down, Down ) 0.004616, 0.004616, 0.377287, 0.613480;
    ( Down, Down, Down ) 0.005497, 0.005497, 0.006074, 0.982932;
};

probability ( AreaMeso_ALS | CombVerMo ) {
    ( StrongUp ) 0.998675, 0.000446, 0.000441, 0.000438;
    ( WeakUp ) 0.000189, 0.999436, 0.000189, 0.000186;
    ( Neutral ) 0.000117, 0.000118, 0.999648, 0.000118;
    ( Down ) 0.000284, 0.000285, 0.000288, 0.999143;
};

probability ( SatContMoist ) {
    table 0.155116, 0.198092, 0.400319, 0.246474;
};

probability ( RaoContMoist ) {
    table 0.154327, 0.200062, 0.397708, 0.247903;
};

probability ( CombMoisture | SatContMoist, RaoContMoist ) {
    ( VeryWet, VeryWet ) 0.891140, 0.104685, 0.002124, 0.002050;
    ( Wet, VeryWet ) 0.519203, 0.432237, 0.046861, 0.001700;
    ( Neutral, VeryWet ) 0.229454, 0.301243, 0.358143, 0.111161;
    ( Dry, VeryWet ) 0.228646, 0.300880, 0.223376, 0.247098;
    ( VeryWet, Wet ) 0.620452, 0.326314, 0.051710, 0.001523;
    ( Wet, Wet ) 0.133495, 0.599663, 0.206712, 0.060130;
    ( Neutral, Wet ) 0.094960, 0.327079, 0.518503, 0.059457;
    ( Dry, Wet ) 0.243148, 0.302187, 0.193050, 0.261615;
    ( VeryWet, Neutral ) 0.295729, 0.494842, 0.208551, 0.000878;
    ( Wet, Neutral ) 0.050198, 0.432509, 0.419878, 0.097414;
    ( Neutral, Neutral ) 0.000334, 0.158794, 0.682418, 0.158454;
    ( Dry, Neutral ) 0.254518, 0.233967, 0.252899, 0.258616;
    ( VeryWet, Dry ) 0.262402, 0.364096, 0.233811, 0.139691;
    ( Wet, Dry ) 0.124183, 0.312624, 0.285369, 0.277824;
    ( Neutral, Dry ) 0.000551, 0.114740, 0.346252, 0.538456;
    ( Dry, Dry ) 0.233804, 0.267493, 0.243943, 0.254760;
};

probability ( AreaMoDryAir | AreaMeso_ALS, CombMoisture ) {
    ( StrongUp, VeryWet ) 0.989111, 0.006479, 0.002218, 0.002193;
    ( WeakUp, VeryWet ) 0.787857, 0.210151, 0.000993, 0.001000;
    ( Neutral, VeryWet ) 0.705748, 0.279241, 0.014357, 0.000653;
    ( Down, VeryWet ) 0.258353, 0.697739, 0.042211, 0.001697;
    ( StrongUp, Wet ) 0.758256, 0.238737, 0.001532, 0.001476;
    ( WeakUp, Wet ) 0.325290, 0.578084, 0.095959, 0.000666;
    ( Neutral, Wet ) 0.185901, 0.603837, 0.209848, 0.000414;
    ( Down, Wet ) 0.065969, 0.364405, 0.447819, 0.121807;
    ( StrongUp, Neutral ) 0.225620, 0.517991, 0.247604, 0.008785;
    ( WeakUp, Neutral ) 0.012692, 0.377882, 0.550389, 0.059037;
    ( Neutral, Neutral ) 0.007193, 0.097132, 0.804609, 0.091065;
    ( Down, Neutral ) 0.000858, 0.055800, 0.514514, 0.428828;
    ( StrongUp, Dry ) 0.002701, 0.256564, 0.553276, 0.187459;
    ( WeakUp, Dry ) 0.001022, 0.026299, 0.448176, 0.524503;
    ( Neutral, Dry ) 0.000673, 0.000668, 0.281493, 0.717167;
    ( Down, Dry ) 0.001561, 0.001548, 0.011554, 0.985337;
};

probability ( VISCloudCov ) {
    table 0.104564, 0.496156, 0.399280;
};

probability ( IRCloudCover ) {
    table 0.147524, 0.450562, 0.401914;
};

probability ( CombClouds | VISCloudCov, IRCloudCover ) {
    ( Cloudy, Cloudy ) 0.950518, 0.046107, 0.003375;
    ( PC, Cloudy ) 0.459228, 0.503738, 0.037034;
    ( Clear, Cloudy ) 0.100005, 0.394747, 0.505248;
    ( Cloudy, PC ) 0.855928, 0.127062, 0.017010;
    ( PC, PC ) 0.087247, 0.813931, 0.098822;
    ( Clear, PC ) 0.026154, 0.264142, 0.709704;
    ( Cloudy, Clear ) 0.793876, 0.104242, 0.101882;
    ( PC, Clear ) 0.048963, 0.472835, 0.478202;
    ( Clear, Clear ) 0.000334, 0.016228, 0.983438;
};

probability ( CldShadeOth | AreaMoDryAir, AreaMeso_ALS, CombClouds ) {
    ( VeryWet, StrongUp, Cloudy ) 0.990038, 0.004993, 0.004970;
    ( Wet, StrongUp, Cloudy ) 0.918723, 0.071237, 0.010039;
    ( Neutral, StrongUp, Cloudy ) 0.937755, 0.042975, 0.019270;
    ( Dry, StrongUp, Cloudy ) 0.726298, 0.136856, 0.136846;
    ( VeryWet, WeakUp, Cloudy ) 0.907450, 0.087958, 0.004592;
    ( Wet, WeakUp, Cloudy ) 0.904193, 0.085496, 0.010311;
    ( Neutral, WeakUp, Cloudy ) 0.861785, 0.133757, 0.004458;
    ( Dry, WeakUp, Cloudy ) 0.581084, 0.409948, 0.008968;
    ( VeryWet, Neutral, Cloudy ) 0.948267, 0.047161, 0.004571;
    ( Wet, Neutral, Cloudy ) 0.800020, 0.197044, 0.002936;
    ( Neutral, Neutral, Cloudy ) 0.788928, 0.192143, 0.018929;
    ( Dry, Neutral, Cloudy ) 0.775001, 0.186694, 0.038305;
    ( VeryWet, Down, Cloudy ) 0.723182, 0.215467, 0.061352;
    ( Wet, Down, Cloudy ) 0.648610, 0.322671, 0.028719;
    ( Neutral, Down, Cloudy ) 0.560432, 0.416404, 0.023164;
    ( Dry, Down, Cloudy ) 0.428915, 0.548055, 0.023030;
    ( VeryWet, StrongUp, PC ) 0.873984, 0.123535, 0.002480;
    ( Wet, StrongUp, PC ) 0.675633, 0.311430, 0.012937;
    ( Neutral, StrongUp, PC ) 0.497703, 0.423752, 0.078545;
    ( Dry, StrongUp, PC ) 0.323286, 0.646903, 0.029811;
    ( VeryWet, WeakUp, PC ) 0.440566, 0.531178, 0.028257;
    ( Wet, WeakUp, PC ) 0.239512, 0.585774, 0.174714;
    ( Neutral, WeakUp, PC ) 0.150740, 0.776936, 0.072324;
    ( Dry, WeakUp, PC ) 0.021302, 0.921975, 0.056722;
    ( VeryWet, Neutral, PC ) 0.220806, 0.762971, 0.016223;
    ( Wet, Neutral, PC ) 0.010659, 0.886112, 0.103228;
    ( Neutral, Neutral, PC ) 0.019522, 0.867644, 0.112833;
    ( Dry, Neutral, PC ) 0.020685, 0.780789, 0.198526;
    ( VeryWet, Down, PC ) 0.010558, 0.497333, 0.492109;
    ( Wet, Down, PC ) 0.002946, 0.397149, 0.599906;
    ( Neutral, Down, PC ) 0.007396, 0.719647, 0.272957;
    ( Dry, Down, PC ) 0.047771, 0.670288, 0.281941;
    ( VeryWet, StrongUp, Clear ) 0.272324, 0.342651, 0.385025;
    ( Wet, StrongUp, Clear ) 0.141315, 0.415397, 0.443288;
    ( Neutral, StrongUp, Clear ) 0.130546, 0.463351, 0.406103;
    ( Dry, StrongUp, Clear ) 0.124759, 0.252094, 0.623147;
    ( VeryWet, WeakUp, Clear ) 0.060095, 0.483599, 0.456306;
    ( Wet, WeakUp, Clear ) 0.006829, 0.277974, 0.715198;
    ( Neutral, WeakUp, Clear ) 0.001348, 0.218339, 0.780313;
    ( Dry, WeakUp, Clear ) 0.003789, 0.119512, 0.876698;
    ( VeryWet, Neutral, Clear ) 0.012704, 0.273532, 0.713765;
    ( Wet, Neutral, Clear ) 0.001080, 0.127035, 0.871885;
    ( Neutral, Neutral, Clear ) 0.000665, 0.055958, 0.943376;
    ( Dry, Neutral, Clear ) 0.001703, 0.049380, 0.948917;
    ( VeryWet, Down, Clear ) 0.010910, 0.090315, 0.898776;
    ( Wet, Down, Clear ) 0.002829, 0.018665, 0.978507;
    ( Neutral, Down, Clear ) 0.001924, 0.010522, 0.987554;
    ( Dry, Down, Clear ) 0.005019, 0.001849, 0.993131;
};

probability ( AMInstabMt ) {
    table 0.328589, 0.338587, 0.332824;
};

probability ( InsInMt | CldShadeOth, AMInstabMt ) {
    ( Cloudy, None ) 0.876867, 0.122318, 0.000815;
    ( PC, None ) 0.602153, 0.385027, 0.012819;
    ( Clear, None ) 0.507435, 0.341365, 0.151201;
    ( Cloudy, Weak ) 0.002899, 0.385823, 0.611278;
    ( PC, Weak ) 0.000387, 0.393418, 0.606194;
    ( Clear, Weak ) 0.000377, 0.159899, 0.839724;
    ( Cloudy, Strong ) 0.000719, 0.045704, 0.953578;
    ( PC, Strong ) 0.000417, 0.000426, 0.999158;
    ( Clear, Strong ) 0.000373, 0.000371, 0.999256;
};

probability ( WndHodograph ) {
    table 0.299918, 0.250599, 0.245934, 0.203548;
};

probability ( OutflowFrMt | InsInMt, WndHodograph ) {
    ( None, DCVZFavor ) 0.998185, 0.000849, 0.000966;
    ( Weak, DCVZFavor ) 0.501232, 0.410758, 0.088010;
    ( Strong, DCVZFavor ) 0.044243, 0.445050, 0.510706;
    ( None, StrongWest ) 0.998020, 0.001025, 0.000955;
    ( Weak, StrongWest ) 0.162744, 0.390423, 0.446833;
    ( Strong, StrongWest ) 0.014455, 0.157384, 0.828161;
    ( None, Westerly ) 0.997835, 0.001149, 0.001016;
    ( Weak, Westerly ) 0.349859, 0.588565, 0.061576;
    ( Strong, Westerly ) 0.112726, 0.223057, 0.664217;
    ( None, Other ) 0.997404, 0.001286, 0.001310;
    ( Weak, Other ) 0.797971, 0.184612, 0.017416;
    ( Strong, Other ) 0.616603, 0.294291, 0.089107;
};

probability ( MorningBound ) {
    table 0.496116, 0.356583, 0.147301;
};

probability ( Boundaries | OutflowFrMt, WndHodograph, MorningBound ) {
    ( None, DCVZFavor, None ) 0.486934, 0.489535, 0.023531;
    ( Weak, DCVZFavor, None ) 0.279700, 0.641558, 0.078742;
    ( Strong, DCVZFavor, None ) 0.001094, 0.564436, 0.434470;
    ( None, StrongWest, None ) 0.733743, 0.231712, 0.034545;
    ( Weak, StrongWest, None ) 0.185407, 0.699082, 0.115511;
    ( Strong, StrongWest, None ) 0.000730, 0.518772, 0.480498;
    ( None, Westerly, None ) 0.790872, 0.196508, 0.012620;
    ( Weak, Westerly, None ) 0.163154, 0.708949, 0.127897;
    ( Strong, Westerly, None ) 0.001069, 0.691027, 0.307904;
    ( None, Other, None ) 0.724732, 0.248786, 0.026482;
    ( Weak, Other, None ) 0.408700, 0.522114, 0.069186;
    ( Strong, Other, None ) 0.011179, 0.789871, 0.198951;
    ( None, DCVZFavor, Weak ) 0.400527, 0.409522, 0.189951;
    ( Weak, DCVZFavor, Weak ) 0.107065, 0.512829, 0.380107;
    ( Strong, DCVZFavor, Weak ) 0.001646, 0.400922, 0.597433;
    ( None, StrongWest, Weak ) 0.474143, 0.429344, 0.096513;
    ( Weak, StrongWest, Weak ) 0.066533, 0.749281, 0.184186;
    ( Strong, StrongWest, Weak ) 0.000956, 0.399404, 0.599640;
    ( None, Westerly, Weak ) 0.363994, 0.502023, 0.133982;
    ( Weak, Westerly, Weak ) 0.065750, 0.767349, 0.166901;
    ( Strong, Westerly, Weak ) 0.001564, 0.491949, 0.506488;
    ( None, Other, Weak ) 0.269019, 0.596417, 0.134563;
    ( Weak, Other, Weak ) 0.238037, 0.639468, 0.122495;
    ( Strong, Other, Weak ) 0.033456, 0.374268, 0.592275;
    ( None, DCVZFavor, Strong ) 0.115964, 0.266482, 0.617554;
    ( Weak, DCVZFavor, Strong ) 0.023072, 0.245521, 0.731407;
    ( Strong, DCVZFavor, Strong ) 0.003222, 0.148202, 0.848576;
    ( None, StrongWest, Strong ) 0.256991, 0.391982, 0.351027;
    ( Weak, StrongWest, Strong ) 0.078804, 0.442222, 0.478974;
    ( Strong, StrongWest, Strong ) 0.002547, 0.202143, 0.795310;
    ( None, Westerly, Strong ) 0.247323, 0.373266, 0.379410;
    ( Weak, Westerly, Strong ) 0.056007, 0.477814, 0.466180;
    ( Strong, Westerly, Strong ) 0.003754, 0.205966, 0.790280;
    ( None, Other, Strong ) 0.038796, 0.369359, 0.591845;
    ( Weak, Other, Strong ) 0.072192, 0.280412, 0.647396;
    ( Strong, Other, Strong ) 0.045654, 0.125404, 0.828942;
};

probability ( CldShadeConv | InsInMt, WndHodograph ) {
    ( None, DCVZFavor ) 0.998233, 0.000928, 0.000838;
    ( Weak, DCVZFavor ) 0.321419, 0.583191, 0.095390;
    ( Strong, DCVZFavor ) 0.000292, 0.318486, 0.681221;
    ( None, StrongWest ) 0.998053, 0.000973, 0.000974;
    ( Weak, StrongWest ) 0.201370, 0.682624, 0.116007;
    ( Strong, StrongWest ) 0.000348, 0.201034, 0.798618;
    ( None, Westerly ) 0.997958, 0.001019, 0.001023;
    ( Weak, Westerly ) 0.509565, 0.450526, 0.039909;
    ( Strong, Westerly ) 0.095959, 0.496463, 0.407578;
    ( None, Other ) 0.997435, 0.001285, 0.001280;
    ( Weak, Other ) 0.784781, 0.200861, 0.014358;
    ( Strong, Other ) 0.506730, 0.389603, 0.103667;
};

probability ( CompPlFcst | Boundaries, CldShadeConv, AreaMeso_ALS, CldShadeOth ) {
    ( None, None, StrongUp, Cloudy ) 0.325000, 0.360124, 0.314876;
    ( Weak, None, StrongUp, Cloudy ) 0.412828, 0.371540, 0.215632;
    ( Strong, None, StrongUp, Cloudy ) 0.452070, 0.255453, 0.292476;
    ( None, Some, StrongUp, Cloudy ) 0.483574, 0.237382, 0.279044;
    ( Weak, Some, StrongUp, Cloudy ) 0.331328, 0.369359, 0.299313;
    ( Strong, Some, StrongUp, Cloudy ) 0.369206, 0.298199, 0.332596;
    ( None, Marked, StrongUp, Cloudy ) 0.494238, 0.327934, 0.177828;
    ( Weak, Marked, StrongUp, Cloudy ) 0.424838, 0.376979, 0.198183;
    ( Strong, Marked, StrongUp, Cloudy ) 0.250549, 0.423894, 0.325557;
    ( None, None, WeakUp, Cloudy ) 0.612005, 0.300494, 0.087501;
    ( Weak, None, WeakUp, Cloudy ) 0.449951, 0.235467, 0.314582;
    ( Strong, None, WeakUp, Cloudy ) 0.281648, 0.454640, 0.263712;
    ( None, Some, WeakUp, Cloudy ) 0.588676, 0.310648, 0.100677;
    ( Weak, Some, WeakUp, Cloudy ) 0.535764, 0.282880, 0.181357;
    ( Strong, Some, WeakUp, Cloudy ) 0.405566, 0.233579, 0.360855;
    ( None, Marked, WeakUp, Cloudy ) 0.591688, 0.333458, 0.074854;
    ( Weak, Marked, WeakUp, Cloudy ) 0.578878, 0.309383, 0.111739;
    ( Strong, Marked, WeakUp, Cloudy ) 0.450230, 0.320376, 0.229394;
    ( None, None, Neutral, Cloudy ) 0.640319, 0.337198, 0.022484;
    ( Weak, None, Neutral, Cloudy ) 0.532499, 0.251360, 0.216141;
    ( Strong, None, Neutral, Cloudy ) 0.576587, 0.204908, 0.218504;
    ( None, Some, Neutral, Cloudy ) 0.717007, 0.170133, 0.112861;
    ( Weak, Some, Neutral, Cloudy ) 0.552051, 0.327404, 0.120545;
    ( Strong, Some, Neutral, Cloudy ) 0.571832, 0.195926, 0.232242;
    ( None, Marked, Neutral, Cloudy ) 0.655269, 0.271605, 0.073126;
    ( Weak, Marked, Neutral, Cloudy ) 0.565116, 0.315641, 0.119244;
    ( Strong, Marked, Neutral, Cloudy ) 0.472380, 0.437770, 0.089850;
    ( None, None, Down, Cloudy ) 0.579190, 0.369020, 0.051789;
    ( Weak, None, Down, Cloudy ) 0.536916, 0.424015, 0.039069;
    ( Strong, None, Down, Cloudy ) 0.695522, 0.155936, 0.148542;
    ( None, Some, Down, Cloudy ) 0.486761, 0.448886, 0.064353;
    ( Weak, Some, Down, Cloudy ) 0.639065, 0.260024, 0.100911;
    ( Strong, Some, Down, Cloudy ) 0.305752, 0.540378, 0.153870;
    ( None, Marked, Down, Cloudy ) 0.490777, 0.310673, 0.198550;
    ( Weak, Marked, Down, Cloudy ) 0.614303, 0.274029, 0.111668;
    ( Strong, Marked, Down, Cloudy ) 0.639584, 0.243565, 0.116851;
    ( None, None, StrongUp, PC ) 0.065005, 0.335163, 0.599832;
    ( Weak, None, StrongUp, PC ) 0.009793, 0.412390, 0.577817;
    ( Strong, None, StrongUp, PC ) 0.035313, 0.219983, 0.744704;
    ( None, Some, StrongUp, PC ) 0.458719, 0.218845, 0.322436;
    ( Weak, Some, StrongUp, PC ) 0.090899, 0.309330, 0.599771;
    ( Strong, Some, StrongUp, PC ) 0.105101, 0.608561, 0.286338;
    ( None, Marked, StrongUp, PC ) 0.446667, 0.235410, 0.317923;
    ( Weak, Marked, StrongUp, PC ) 0.246944, 0.563463, 0.189593;
    ( Strong, Marked, StrongUp, PC ) 0.176966, 0.319798, 0.503236;
    ( None, None, WeakUp, PC ) 0.429081, 0.266190, 0.304729;
    ( Weak, None, WeakUp, PC ) 0.300678, 0.366688, 0.332634;
    ( Strong, None, WeakUp, PC ) 0.173447, 0.364139, 0.462414;
    ( None, Some, WeakUp, PC ) 0.351483, 0.365429, 0.283088;
    ( Weak, Some, WeakUp, PC ) 0.400742, 0.350976, 0.248282;
    ( Strong, Some, WeakUp, PC ) 0.184754, 0.440724, 0.374522;
    ( None, Marked, WeakUp, PC ) 0.705810, 0.152928, 0.141262;
    ( Weak, Marked, WeakUp, PC ) 0.435139, 0.376718, 0.188143;
    ( Strong, Marked, WeakUp, PC ) 0.318942, 0.414039, 0.267019;
    ( None, None, Neutral, PC ) 0.459679, 0.408800, 0.131522;
    ( Weak, None, Neutral, PC ) 0.373941, 0.411759, 0.214300;
    ( Strong, None, Neutral, PC ) 0.278443, 0.415241, 0.306316;
    ( None, Some, Neutral, PC ) 0.440999, 0.435305, 0.123695;
    ( Weak, Some, Neutral, PC ) 0.457346, 0.402675, 0.139979;
    ( Strong, Some, Neutral, PC ) 0.369783, 0.415028, 0.215189;
    ( None, Marked, Neutral, PC ) 0.603210, 0.275491, 0.121299;
    ( Weak, Marked, Neutral, PC ) 0.543314, 0.297947, 0.158739;
    ( Strong, Marked, Neutral, PC ) 0.408055, 0.376703, 0.215242;
    ( None, None, Down, PC ) 0.627850, 0.320330, 0.051821;
    ( Weak, None, Down, PC ) 0.603621, 0.293285, 0.103095;
    ( Strong, None, Down, PC ) 0.440157, 0.286170, 0.273673;
    ( None, Some, Down, PC ) 0.697621, 0.240560, 0.061819;
    ( Weak, Some, Down, PC ) 0.567062, 0.307751, 0.125187;
    ( Strong, Some, Down, PC ) 0.520631, 0.297732, 0.181637;
    ( None, Marked, Down, PC ) 0.829003, 0.120370, 0.050627;
    ( Weak, Marked, Down, PC ) 0.759572, 0.176426, 0.064002;
    ( Strong, Marked, Down, PC ) 0.688159, 0.254205, 0.057635;
    ( None, None, StrongUp, Clear ) 0.108726, 0.356936, 0.534338;
    ( Weak, None, StrongUp, Clear ) 0.057325, 0.242742, 0.699933;
    ( Strong, None, StrongUp, Clear ) 0.117580, 0.287026, 0.595394;
    ( None, Some, StrongUp, Clear ) 0.324496, 0.195483, 0.480020;
    ( Weak, Some, StrongUp, Clear ) 0.097963, 0.244636, 0.657401;
    ( Strong, Some, StrongUp, Clear ) 0.087476, 0.335580, 0.576944;
    ( None, Marked, StrongUp, Clear ) 0.307565, 0.353974, 0.338461;
    ( Weak, Marked, StrongUp, Clear ) 0.153833, 0.371414, 0.474754;
    ( Strong, Marked, StrongUp, Clear ) 0.220398, 0.228193, 0.551409;
    ( None, None, WeakUp, Clear ) 0.203055, 0.532881, 0.264065;
    ( Weak, None, WeakUp, Clear ) 0.114723, 0.558087, 0.327190;
    ( Strong, None, WeakUp, Clear ) 0.094201, 0.278731, 0.627069;
    ( None, Some, WeakUp, Clear ) 0.291430, 0.566586, 0.141984;
    ( Weak, Some, WeakUp, Clear ) 0.175791, 0.499012, 0.325196;
    ( Strong, Some, WeakUp, Clear ) 0.171447, 0.364901, 0.463652;
    ( None, Marked, WeakUp, Clear ) 0.404828, 0.373117, 0.222055;
    ( Weak, Marked, WeakUp, Clear ) 0.287021, 0.524307, 0.188672;
    ( Strong, Marked, WeakUp, Clear ) 0.175518, 0.419764, 0.404718;
    ( None, None, Neutral, Clear ) 0.246066, 0.451323, 0.302611;
    ( Weak, None, Neutral, Clear ) 0.180047, 0.406065, 0.413889;
    ( Strong, None, Neutral, Clear ) 0.130721, 0.427460, 0.441819;
    ( None, Some, Neutral, Clear ) 0.298275, 0.425805, 0.275919;
    ( Weak, Some, Neutral, Clear ) 0.263757, 0.455668, 0.280576;
    ( Strong, Some, Neutral, Clear ) 0.185200, 0.468877, 0.345923;
    ( None, Marked, Neutral, Clear ) 0.541053, 0.371679, 0.087268;
    ( Weak, Marked, Neutral, Clear ) 0.464908, 0.290893, 0.244199;
    ( Strong, Marked, Neutral, Clear ) 0.390891, 0.398049, 0.211060;
    ( None, None, Down, Clear ) 0.612051, 0.346363, 0.041586;
    ( Weak, None, Down, Clear ) 0.658640, 0.216125, 0.125235;
    ( Strong, None, Down, Clear ) 0.435296, 0.351083, 0.213621;
    ( None, Some, Down, Clear ) 0.621152, 0.332251, 0.046597;
    ( Weak, Some, Down, Clear ) 0.637368, 0.324773, 0.037859;
    ( Strong, Some, Down, Clear ) 0.509270, 0.390654, 0.100075;
    ( None, Marked, Down, Clear ) 0.868469, 0.114187, 0.017344;
    ( Weak, Marked, Down, Clear ) 0.692643, 0.233866, 0.073491;
    ( Strong, Marked, Down, Clear ) 0.560586, 0.327267, 0.112147;
};

probability ( CapChange | CompPlFcst ) {
    ( IncCapDecIns ) 0.000127, 0.000128, 0.999745;
    ( LittleChange ) 0.000143, 0.999717, 0.000141;
    ( DecCapIncIns ) 0.999557, 0.000222, 0.000221;
};

probability ( LoLevMoistAd ) {
    table 0.127105, 0.281002, 0.293810, 0.298083;
};

probability ( InsChange | LoLevMoistAd, CompPlFcst ) {
    ( StrongPos, IncCapDecIns ) 0.001049, 0.064671, 0.934280;
    ( WeakPos, IncCapDecIns ) 0.048164, 0.165896, 0.785941;
    ( Neutral, IncCapDecIns ) 0.133463, 0.492488, 0.374048;
    ( Negative, IncCapDecIns ) 0.507224, 0.391891, 0.100885;
    ( StrongPos, LittleChange ) 0.001063, 0.114194, 0.884742;
    ( WeakPos, LittleChange ) 0.099940, 0.411014, 0.489046;
    ( Neutral, LittleChange ) 0.193326, 0.600767, 0.205906;
    ( Negative, LittleChange ) 0.813612, 0.143363, 0.043025;
    ( StrongPos, DecCapIncIns ) 0.051872, 0.120151, 0.827977;
    ( WeakPos, DecCapIncIns ) 0.222999, 0.519627, 0.257373;
    ( Neutral, DecCapIncIns ) 0.369218, 0.499276, 0.131507;
    ( Negative, DecCapIncIns ) 0.885647, 0.104937, 0.009416;
};

probability ( MountainFcst | InsInMt ) {
    ( None ) 0.999506, 0.000247, 0.000246;
    ( Weak ) 0.477659, 0.503489, 0.018853;
    ( Strong ) 0.195712, 0.508251, 0.296037;
};

probability ( Date ) {
    table 0.254504, 0.126554, 0.103257, 0.213469, 0.074391, 0.227825;
};

probability ( Scenario | Date ) {
    ( May15_Jun14 ) 0.096534, 0.157029, 0.108256, 0.089596, 0.078228, 0.011102, 0.081331, 0.097360, 0.090419, 0.026145, 0.164001;
    ( Jun15_Jul1 ) 0.039141, 0.159839, 0.094033, 0.103520, 0.124852, 0.015425, 0.124872, 0.053938, 0.078876, 0.106817, 0.098687;
    ( Jul2_Jul15 ) 0.032573, 0.112585, 0.095656, 0.084133, 0.164537, 0.034129, 0.139135, 0.041343, 0.070531, 0.139876, 0.085503;
    ( Jul16_Aug10 ) 0.040576, 0.132494, 0.091629, 0.063818, 0.202425, 0.077455, 0.060509, 0.049266, 0.076701, 0.122806, 0.082321;
    ( Aug11_Aug20 ) 0.044539, 0.123845, 0.122572, 0.069439, 0.161547, 0.046883, 0.091004, 0.051067, 0.084951, 0.121824, 0.082329;
    ( Aug20_Sep15 ) 0.048014, 0.105151, 0.104552, 0.083340, 0.104409, 0.020823, 0.103186, 0.070556, 0.081419, 0.108201, 0.170348;
};

probability ( ScenRelAMCIN | Scenario ) {
    ( A ) 0.999076, 0.000923;
    ( B ) 0.999616, 0.000384;
    ( C ) 0.000500, 0.999500;
    ( D ) 0.000616, 0.999384;
    ( E ) 0.000385, 0.999615;
    ( F ) 0.001545, 0.998455;
    ( G ) 0.000542, 0.999458;
    ( H ) 0.000775, 0.999225;
    ( I ) 0.000628, 0.999372;
    ( J ) 0.000539, 0.999461;
    ( K ) 0.000404, 0.999596;
};

probability ( MorningCIN ) {
    table 0.148829, 0.571076, 0.200681, 0.079415;
};

probability ( AMCINInScen | ScenRelAMCIN, MorningCIN ) {
    ( AB, None ) 0.996485, 0.001756, 0.001758;
    ( CThruK, None ) 0.729217, 0.270348, 0.000435;
    ( AB, PartInhibit ) 0.590944, 0.383938, 0.025118;
    ( CThruK, PartInhibit ) 0.303827, 0.592123, 0.104050;
    ( AB, Stifling ) 0.232542, 0.505889, 0.261569;
    ( CThruK, Stifling ) 0.011169, 0.398903, 0.589928;
    ( AB, TotalInhibit ) 0.003485, 0.099248, 0.897267;
    ( CThruK, TotalInhibit ) 0.000799, 0.034067, 0.965134;
};

probability ( CapInScen | AMCINInScen, CapChange ) {
    ( LessThanAve, Decreasing ) 0.998603, 0.000698, 0.000699;
    ( Average, Decreasing ) 0.732961, 0.266536, 0.000503;
    ( MoreThanAve, Decreasing ) 0.288690, 0.369595, 0.341715;
    ( LessThanAve, LittleChange ) 0.979577, 0.020000, 0.000423;
    ( Average, LittleChange ) 0.036254, 0.929555, 0.034191;
    ( MoreThanAve, LittleChange ) 0.000589, 0.026434, 0.972977;
    ( LessThanAve, Increasing ) 0.334272, 0.370844, 0.294884;
    ( Average, Increasing ) 0.000288, 0.240190, 0.759522;
    ( MoreThanAve, Increasing ) 0.000560, 0.000573, 0.998867;
};

probability ( ScenRelAMIns | Scenario ) {
    ( A ) 0.995433, 0.000914, 0.000914, 0.000915, 0.000912, 0.000913;
    ( B ) 0.998104, 0.000379, 0.000379, 0.000379, 0.000379, 0.000379;
    ( C ) 0.000499, 0.997512, 0.000498, 0.000497, 0.000497, 0.000497;
    ( D ) 0.000619, 0.996904, 0.000619, 0.000621, 0.000618, 0.000619;
    ( E ) 0.000389, 0.998056, 0.000389, 0.000389, 0.000389, 0.000389;
    ( F ) 0.001538, 0.001541, 0.992280, 0.001538, 0.001550, 0.001553;
    ( G ) 0.000540, 0.000539, 0.000539, 0.997301, 0.000540, 0.000540;
    ( H ) 0.000766, 0.000767, 0.000767, 0.000771, 0.996161, 0.000768;
    ( I ) 0.996887, 0.000622, 0.000621, 0.000624, 0.000622, 0.000623;
    ( J ) 0.000541, 0.997300, 0.000540, 0.000539, 0.000540, 0.000540;
    ( K ) 0.000402, 0.000402, 0.000403, 0.000402, 0.000403, 0.997988;
};

probability ( LIfr12ZDENSd ) {
    table 0.097844, 0.526411, 0.297083, 0.078662;
};

probability ( AMDewptCalPl ) {
    table 0.293827, 0.251372, 0.454801;
};

probability ( AMInsWliScen | ScenRelAMIns, LIfr12ZDENSd, AMDewptCalPl ) {
    ( ABI, LIGt0, Instability ) 0.543535, 0.325891, 0.130575;
    ( CDEJ, LIGt0, Instability ) 0.382486, 0.260984, 0.356530;
    ( F, LIGt0, Instability ) 0.273433, 0.434805, 0.291762;
    ( G, LIGt0, Instability ) 0.294917, 0.416211, 0.288872;
    ( H, LIGt0, Instability ) 0.381091, 0.542946, 0.075963;
    ( K, LIGt0, Instability ) 0.316541, 0.564915, 0.118544;
    ( ABI, N1GtLIGt_4, Instability ) 0.322101, 0.287347, 0.390553;
    ( CDEJ, N1GtLIGt_4, Instability ) 0.155184, 0.297483, 0.547333;
    ( F, N1GtLIGt_4, Instability ) 0.153712, 0.326738, 0.519550;
    ( G, N1GtLIGt_4, Instability ) 0.143319, 0.336277, 0.520404;
    ( H, N1GtLIGt_4, Instability ) 0.076462, 0.270713, 0.652825;
    ( K, N1GtLIGt_4, Instability ) 0.084802, 0.371572, 0.543626;
    ( ABI, N5GtLIGt_8, Instability ) 0.075752, 0.249702, 0.674546;
    ( CDEJ, N5GtLIGt_8, Instability ) 0.024577, 0.165633, 0.809790;
    ( F, N5GtLIGt_8, Instability ) 0.025367, 0.026107, 0.948527;
    ( G, N5GtLIGt_8, Instability ) 0.074885, 0.248768, 0.676347;
    ( H, N5GtLIGt_8, Instability ) 0.046315, 0.179543, 0.774141;
    ( K, N5GtLIGt_8, Instability ) 0.065708, 0.180748, 0.753543;
    ( ABI, LILt_8, Instability ) 0.010372, 0.091666, 0.897962;
    ( CDEJ, LILt_8, Instability ) 0.026056, 0.067672, 0.906272;
    ( F, LILt_8, Instability ) 0.097780, 0.097780, 0.804439;
    ( G, LILt_8, Instability ) 0.075062, 0.077232, 0.847706;
    ( H, LILt_8, Instability ) 0.053320, 0.190534, 0.756146;
    ( K, LILt_8, Instability ) 0.025003, 0.138857, 0.836140;
    ( ABI, LIGt0, Neutral ) 0.848179, 0.124528, 0.027293;
    ( CDEJ, LIGt0, Neutral ) 0.658168, 0.261219, 0.080613;
    ( F, LIGt0, Neutral ) 0.466246, 0.429160, 0.104595;
    ( G, LIGt0, Neutral ) 0.531355, 0.409076, 0.059569;
    ( H, LIGt0, Neutral ) 0.641836, 0.173575, 0.184589;
    ( K, LIGt0, Neutral ) 0.398268, 0.534068, 0.067664;
    ( ABI, N1GtLIGt_4, Neutral ) 0.471657, 0.283319, 0.245024;
    ( CDEJ, N1GtLIGt_4, Neutral ) 0.237255, 0.512079, 0.250666;
    ( F, N1GtLIGt_4, Neutral ) 0.186656, 0.635002, 0.178342;
    ( G, N1GtLIGt_4, Neutral ) 0.172888, 0.647437, 0.179675;
    ( H, N1GtLIGt_4, Neutral ) 0.188909, 0.422481, 0.388610;
    ( K, N1GtLIGt_4, Neutral ) 0.249237, 0.523893, 0.226871;
    ( ABI, N5GtLIGt_8, Neutral ) 0.160274, 0.450664, 0.389062;
    ( CDEJ, N5GtLIGt_8, Neutral ) 0.211658, 0.297778, 0.490563;
    ( F, N5GtLIGt_8, Neutral ) 0.052199, 0.510864, 0.436937;
    ( G, N5GtLIGt_8, Neutral ) 0.142278, 0.509090, 0.348632;
    ( H, N5GtLIGt_8, Neutral ) 0.031607, 0.315845, 0.652548;
    ( K, N5GtLIGt_8, Neutral ) 0.101088, 0.409865, 0.489047;
    ( ABI, LILt_8, Neutral ) 0.009016, 0.157399, 0.833585;
    ( CDEJ, LILt_8, Neutral ) 0.021195, 0.147224, 0.831581;
    ( F, LILt_8, Neutral ) 0.156676, 0.156773, 0.686551;
    ( G, LILt_8, Neutral ) 0.085540, 0.302609, 0.611850;
    ( H, LILt_8, Neutral ) 0.059884, 0.177162, 0.762954;
    ( K, LILt_8, Neutral ) 0.077881, 0.171563, 0.750557;
    ( ABI, LIGt0, Stability ) 0.930112, 0.056071, 0.013817;
    ( CDEJ, LIGt0, Stability ) 0.858557, 0.102664, 0.038780;
    ( F, LIGt0, Stability ) 0.675666, 0.221347, 0.102986;
    ( G, LIGt0, Stability ) 0.745051, 0.217224, 0.037725;
    ( H, LIGt0, Stability ) 0.572338, 0.405612, 0.022050;
    ( K, LIGt0, Stability ) 0.491548, 0.373542, 0.134909;
    ( ABI, N1GtLIGt_4, Stability ) 0.760537, 0.190346, 0.049116;
    ( CDEJ, N1GtLIGt_4, Stability ) 0.601468, 0.307100, 0.091432;
    ( F, N1GtLIGt_4, Stability ) 0.515912, 0.414330, 0.069758;
    ( G, N1GtLIGt_4, Stability ) 0.124344, 0.695836, 0.179820;
    ( H, N1GtLIGt_4, Stability ) 0.464697, 0.401788, 0.133515;
    ( K, N1GtLIGt_4, Stability ) 0.305363, 0.537566, 0.157071;
    ( ABI, N5GtLIGt_8, Stability ) 0.530719, 0.395365, 0.073917;
    ( CDEJ, N5GtLIGt_8, Stability ) 0.451629, 0.406524, 0.141847;
    ( F, N5GtLIGt_8, Stability ) 0.356365, 0.454797, 0.188838;
    ( G, N5GtLIGt_8, Stability ) 0.110630, 0.708802, 0.180568;
    ( H, N5GtLIGt_8, Stability ) 0.116188, 0.429083, 0.454729;
    ( K, N5GtLIGt_8, Stability ) 0.170792, 0.296295, 0.532913;
    ( ABI, LILt_8, Stability ) 0.358525, 0.309875, 0.331600;
    ( CDEJ, LILt_8, Stability ) 0.286126, 0.281628, 0.432246;
    ( F, LILt_8, Stability ) 0.082206, 0.492498, 0.425295;
    ( G, LILt_8, Stability ) 0.100733, 0.201739, 0.697528;
    ( H, LILt_8, Stability ) 0.173355, 0.330293, 0.496352;
    ( K, LILt_8, Stability ) 0.081346, 0.325594, 0.593059;
};

probability ( InsSclInScen | AMInsWliScen, InsChange ) {
    ( LessUnstable, Decreasing ) 0.998976, 0.000523, 0.000501;
    ( Average, Decreasing ) 0.555195, 0.444278, 0.000527;
    ( MoreUnstable, Decreasing ) 0.233943, 0.362663, 0.403394;
    ( LessUnstable, LittleChange ) 0.902846, 0.096684, 0.000471;
    ( Average, LittleChange ) 0.145211, 0.701003, 0.153786;
    ( MoreUnstable, LittleChange ) 0.000478, 0.103672, 0.895850;
    ( LessUnstable, Increasing ) 0.389588, 0.347485, 0.262927;
    ( Average, Increasing ) 0.000427, 0.390784, 0.608789;
    ( MoreUnstable, Increasing ) 0.000467, 0.000477, 0.999056;
};

probability ( ScenRel3_4 | Scenario ) {
    ( A ) 0.996340, 0.000915, 0.000915, 0.000915, 0.000915;
    ( B ) 0.000381, 0.998475, 0.000381, 0.000381, 0.000381;
    ( C ) 0.998005, 0.000499, 0.000499, 0.000499, 0.000499;
    ( D ) 0.000617, 0.000617, 0.997532, 0.000617, 0.000617;
    ( E ) 0.998459, 0.000385, 0.000386, 0.000385, 0.000385;
    ( F ) 0.993827, 0.001544, 0.001543, 0.001543, 0.001543;
    ( G ) 0.000544, 0.000544, 0.000545, 0.997823, 0.000544;
    ( H ) 0.000774, 0.000772, 0.000775, 0.000774, 0.996905;
    ( I ) 0.000625, 0.000626, 0.000625, 0.000625, 0.997499;
    ( J ) 0.000541, 0.000541, 0.000541, 0.997837, 0.000540;
    ( K ) 0.998387, 0.000403, 0.000403, 0.000403, 0.000403;
};

probability ( LatestCIN ) {
    table 0.405120, 0.398518, 0.148037, 0.048324;
};

probability ( LLIW ) {
    table 0.124755, 0.314617, 0.378904, 0.181724;
};

probability ( CurPropConv | LatestCIN, LLIW ) {
    ( None, Unfavorable ) 0.699425, 0.277335, 0.022230, 0.001010;
    ( PartInhibit, Unfavorable ) 0.886141, 0.103993, 0.008805, 0.001062;
    ( Stifling, Unfavorable ) 0.944261, 0.050807, 0.002456, 0.002476;
    ( TotalInhibit, Unfavorable ) 0.962469, 0.013129, 0.012254, 0.012148;
    ( None, Weak ) 0.115606, 0.479685, 0.300902, 0.103807;
    ( PartInhibit, Weak ) 0.622645, 0.265977, 0.102313, 0.009065;
    ( Stifling, Weak ) 0.752108, 0.217914, 0.028878, 0.001100;
    ( TotalInhibit, Weak ) 0.933161, 0.060124, 0.003352, 0.003362;
    ( None, Moderate ) 0.009928, 0.147453, 0.332264, 0.510354;
    ( PartInhibit, Moderate ) 0.244534, 0.347502, 0.315816, 0.092148;
    ( Stifling, Moderate ) 0.417719, 0.389753, 0.167175, 0.025354;
    ( TotalInhibit, Moderate ) 0.762784, 0.195671, 0.038790, 0.002754;
    ( None, Strong ) 0.000701, 0.020270, 0.173807, 0.805223;
    ( PartInhibit, Strong ) 0.010942, 0.158057, 0.334937, 0.496063;
    ( Stifling, Strong ) 0.231453, 0.300135, 0.334370, 0.134042;
    ( TotalInhibit, Strong ) 0.384052, 0.447744, 0.083578, 0.084627;
};

probability ( ScnRelPlFcst | Scenario ) {
    ( A ) 0.990956, 0.000906, 0.000905, 0.000903, 0.000903, 0.000903, 0.000905, 0.000902, 0.000908, 0.000905, 0.000903;
    ( B ) 0.000379, 0.996201, 0.000380, 0.000380, 0.000379, 0.000380, 0.000380, 0.000380, 0.000380, 0.000380, 0.000380;
    ( C ) 0.000495, 0.000496, 0.995036, 0.000496, 0.000496, 0.000497, 0.000497, 0.000497, 0.000496, 0.000497, 0.000496;
    ( D ) 0.000614, 0.000616, 0.000616, 0.993851, 0.000614, 0.000615, 0.000613, 0.000614, 0.000614, 0.000617, 0.000615;
    ( E ) 0.000384, 0.000383, 0.000384, 0.000384, 0.996160, 0.000384, 0.000383, 0.000384, 0.000383, 0.000384, 0.000384;
    ( F ) 0.001522, 0.001524, 0.001528, 0.001527, 0.001528, 0.984734, 0.001526, 0.001529, 0.001526, 0.001528, 0.001530;
