// Bayesian Network (Learned via Multi-Start Full-Batch EM)

variable N0_7muVerMo {
  type discrete [ 4 ] = { StrongUp, WeakUp, Neutral, Down };
};
variable SubjVertMo {
  type discrete [ 4 ] = { StronUp, WeakUp, Neutral, Down };
};
variable QGVertMotion {
  type discrete [ 4 ] = { StrongUp, WeakUp, Neutral, Down };
};
variable CombVerMo {
  type discrete [ 4 ] = { StrongUp, WeakUp, Neutral, Down };
};
variable AreaMeso_ALS {
  type discrete [ 4 ] = { StrongUp, WeakUp, Neutral, Down };
};
variable SatContMoist {
  type discrete [ 4 ] = { VeryWet, Wet, Neutral, Dry };
};
variable RaoContMoist {
  type discrete [ 4 ] = { VeryWet, Wet, Neutral, Dry };
};
variable CombMoisture {
  type discrete [ 4 ] = { VeryWet, Wet, Neutral, Dry };
};
variable AreaMoDryAir {
  type discrete [ 4 ] = { VeryWet, Wet, Neutral, Dry };
};
variable VISCloudCov {
  type discrete [ 3 ] = { Cloudy, PC, Clear };
};
variable IRCloudCover {
  type discrete [ 3 ] = { Cloudy, PC, Clear };
};
variable CombClouds {
  type discrete [ 3 ] = { Cloudy, PC, Clear };
};
variable CldShadeOth {
  type discrete [ 3 ] = { Cloudy, PC, Clear };
};
variable AMInstabMt {
  type discrete [ 3 ] = { None, Weak, Strong };
};
variable InsInMt {
  type discrete [ 3 ] = { None, Weak, Strong };
};
variable WndHodograph {
  type discrete [ 4 ] = { DCVZFavor, StrongWest, Westerly, Other };
};
variable OutflowFrMt {
  type discrete [ 3 ] = { None, Weak, Strong };
};
variable MorningBound {
  type discrete [ 3 ] = { None, Weak, Strong };
};
variable Boundaries {
  type discrete [ 3 ] = { None, Weak, Strong };
};
variable CldShadeConv {
  type discrete [ 3 ] = { None, Some, Marked };
};
variable CompPlFcst {
  type discrete [ 3 ] = { IncCapDecIns, LittleChange, DecCapIncIns };
};
variable CapChange {
  type discrete [ 3 ] = { Decreasing, LittleChange, Increasing };
};
variable LoLevMoistAd {
  type discrete [ 4 ] = { StrongPos, WeakPos, Neutral, Negative };
};
variable InsChange {
  type discrete [ 3 ] = { Decreasing, LittleChange, Increasing };
};
variable MountainFcst {
  type discrete [ 3 ] = { XNIL, SIG, SVR };
};
variable Date {
  type discrete [ 6 ] = { May15_Jun14, Jun15_Jul1, Jul2_Jul15, Jul16_Aug10, Aug11_Aug20, Aug20_Sep15 };
};
variable Scenario {
  type discrete [ 11 ] = { A, B, C, D, E, F, G, H, I, J, K };
};
variable ScenRelAMCIN {
  type discrete [ 2 ] = { AB, CThruK };
};
variable MorningCIN {
  type discrete [ 4 ] = { None, PartInhibit, Stifling, TotalInhibit };
};
variable AMCINInScen {
  type discrete [ 3 ] = { LessThanAve, Average, MoreThanAve };
};
variable CapInScen {
  type discrete [ 3 ] = { LessThanAve, Average, MoreThanAve };
};
variable ScenRelAMIns {
  type discrete [ 6 ] = { ABI, CDEJ, F, G, H, K };
};
variable LIfr12ZDENSd {
  type discrete [ 4 ] = { LIGt0, N1GtLIGt_4, N5GtLIGt_8, LILt_8 };
};
variable AMDewptCalPl {
  type discrete [ 3 ] = { Instability, Neutral, Stability };
};
variable AMInsWliScen {
  type discrete [ 3 ] = { LessUnstable, Average, MoreUnstable };
};
variable InsSclInScen {
  type discrete [ 3 ] = { LessUnstable, Average, MoreUnstable };
};
variable ScenRel3_4 {
  type discrete [ 5 ] = { ACEFK, B, D, GJ, HI };
};
variable LatestCIN {
  type discrete [ 4 ] = { None, PartInhibit, Stifling, TotalInhibit };
};
variable LLIW {
  type discrete [ 4 ] = { Unfavorable, Weak, Moderate, Strong };
};
variable CurPropConv {
  type discrete [ 4 ] = { None, Slight, Moderate, Strong };
};
variable ScnRelPlFcst {
  type discrete [ 11 ] = { A, B, C, D, E, F, G, H, I, J, K };
};
variable PlainsFcst {
  type discrete [ 3 ] = { XNIL, SIG, SVR };
};
variable N34StarFcst {
  type discrete [ 3 ] = { XNIL, SIG, SVR };
};
variable R5Fcst {
  type discrete [ 3 ] = { XNIL, SIG, SVR };
};
variable Dewpoints {
  type discrete [ 7 ] = { LowEvrywhere, LowAtStation, LowSHighN, LowNHighS, LowMtsHighPl, HighEvrywher, Other };
};
variable LowLLapse {
  type discrete [ 4 ] = { CloseToDryAd, Steep, ModerateOrLe, Stable };
};
variable MeanRH {
  type discrete [ 3 ] = { VeryMoist, Average, Dry };
};
variable MidLLapse {
  type discrete [ 3 ] = { CloseToDryAd, Steep, ModerateOrLe };
};
variable MvmtFeatures {
  type discrete [ 4 ] = { StrongFront, MarkedUpper, OtherRapid, NoMajor };
};
variable RHRatio {
  type discrete [ 3 ] = { MoistMDryL, DryMMoistL, Other };
};
variable SfcWndShfDis {
  type discrete [ 7 ] = { DenvCyclone, E_W_N, E_W_S, MovingFtorOt, DryLine, None, Other };
};
variable SynForcng {
  type discrete [ 5 ] = { SigNegative, NegToPos, SigPositive, PosToNeg, LittleChange };
};
variable TempDis {
  type discrete [ 4 ] = { QStationary, Moving, None, Other };
};
variable WindAloft {
  type discrete [ 4 ] = { LV, SWQuad, NWQuad, AllElse };
};
variable WindFieldMt {
  type discrete [ 2 ] = { Westerly, LVorOther };
};
variable WindFieldPln {
  type discrete [ 6 ] = { LV, DenvCyclone, LongAnticyc, E_NE, SEQuad, WidespdDnsl };
};
probability ( N0_7muVerMo ) {
    table 0.258307, 0.251496, 0.241657, 0.248540;
};

probability ( SubjVertMo ) {
    table 0.148692, 0.148103, 0.501205, 0.202001;
};

probability ( QGVertMotion ) {
    table 0.146487, 0.151927, 0.491141, 0.210445;
};

probability ( CombVerMo | N0_7muVerMo, SubjVertMo, QGVertMotion ) {
    ( StrongUp, StronUp, StrongUp ) 0.970742, 0.009624, 0.010362, 0.009272;
    ( WeakUp, StronUp, StrongUp ) 0.873596, 0.109173, 0.008298, 0.008932;
    ( Neutral, StronUp, StrongUp ) 0.733274, 0.154870, 0.103918, 0.007938;
    ( Down, StronUp, StrongUp ) 0.176351, 0.439390, 0.299191, 0.085067;
    ( StrongUp, WeakUp, StrongUp ) 0.827732, 0.154687, 0.009364, 0.008217;
    ( WeakUp, WeakUp, StrongUp ) 0.642537, 0.336853, 0.010394, 0.010216;
    ( Neutral, WeakUp, StrongUp ) 0.158914, 0.672988, 0.155765, 0.012333;
    ( Down, WeakUp, StrongUp ) 0.107651, 0.351907, 0.433055, 0.107387;
    ( StrongUp, Neutral, StrongUp ) 0.693881, 0.232095, 0.071018, 0.003005;
    ( WeakUp, Neutral, StrongUp ) 0.132110, 0.691778, 0.173238, 0.002874;
    ( Neutral, Neutral, StrongUp ) 0.192563, 0.576804, 0.227951, 0.002682;
    ( Down, Neutral, StrongUp ) 0.115826, 0.232438, 0.555157, 0.096578;
    ( StrongUp, Down, StrongUp ) 0.305088, 0.424073, 0.165584, 0.105254;
    ( WeakUp, Down, StrongUp ) 0.182383, 0.296063, 0.431325, 0.090229;
    ( Neutral, Down, StrongUp ) 0.112717, 0.242860, 0.534987, 0.109436;
    ( Down, Down, StrongUp ) 0.106812, 0.064046, 0.243772, 0.585370;
    ( StrongUp, StronUp, WeakUp ) 0.879958, 0.101028, 0.010014, 0.008999;
    ( WeakUp, StronUp, WeakUp ) 0.676929, 0.305491, 0.008486, 0.009093;
    ( Neutral, StronUp, WeakUp ) 0.174265, 0.582849, 0.234617, 0.008269;
    ( Down, StronUp, WeakUp ) 0.090024, 0.308900, 0.489534, 0.111542;
    ( StrongUp, WeakUp, WeakUp ) 0.589945, 0.389717, 0.010904, 0.009433;
    ( WeakUp, WeakUp, WeakUp ) 0.007837, 0.976707, 0.007791, 0.007666;
    ( Neutral, WeakUp, WeakUp ) 0.009216, 0.655681, 0.326420, 0.008683;
    ( Down, WeakUp, WeakUp ) 0.009315, 0.214242, 0.633372, 0.143071;
    ( StrongUp, Neutral, WeakUp ) 0.159173, 0.671901, 0.165974, 0.002952;
    ( WeakUp, Neutral, WeakUp ) 0.002450, 0.700643, 0.294584, 0.002323;
    ( Neutral, Neutral, WeakUp ) 0.003380, 0.319775, 0.673769, 0.003076;
    ( Down, Neutral, WeakUp ) 0.002684, 0.127132, 0.490643, 0.379542;
    ( StrongUp, Down, WeakUp ) 0.124252, 0.324678, 0.414514, 0.136556;
    ( WeakUp, Down, WeakUp ) 0.006857, 0.227227, 0.606629, 0.159287;
    ( Neutral, Down, WeakUp ) 0.006692, 0.146353, 0.484605, 0.362350;
    ( Down, Down, WeakUp ) 0.007368, 0.112529, 0.178864, 0.701239;
    ( StrongUp, StronUp, Neutral ) 0.766339, 0.162705, 0.068137, 0.002820;
    ( WeakUp, StronUp, Neutral ) 0.162077, 0.681980, 0.152665, 0.003278;
    ( Neutral, StronUp, Neutral ) 0.134521, 0.578660, 0.283964, 0.002855;
    ( Down, StronUp, Neutral ) 0.105810, 0.178030, 0.607415, 0.108746;
    ( StrongUp, WeakUp, Neutral ) 0.104295, 0.751785, 0.140921, 0.002999;
    ( WeakUp, WeakUp, Neutral ) 0.002644, 0.758892, 0.235807, 0.002656;
    ( Neutral, WeakUp, Neutral ) 0.003317, 0.341346, 0.652123, 0.003214;
    ( Down, WeakUp, Neutral ) 0.002562, 0.177950, 0.512920, 0.306567;
    ( StrongUp, Neutral, Neutral ) 0.187504, 0.603532, 0.208093, 0.000871;
    ( WeakUp, Neutral, Neutral ) 0.000887, 0.286499, 0.711704, 0.000910;
    ( Neutral, Neutral, Neutral ) 0.000880, 0.000899, 0.997335, 0.000886;
    ( Down, Neutral, Neutral ) 0.000834, 0.000884, 0.682447, 0.315836;
    ( StrongUp, Down, Neutral ) 0.065348, 0.168591, 0.652425, 0.113636;
    ( WeakUp, Down, Neutral ) 0.002051, 0.171394, 0.483055, 0.343499;
    ( Neutral, Down, Neutral ) 0.002281, 0.002288, 0.686599, 0.308831;
    ( Down, Down, Neutral ) 0.002101, 0.002161, 0.315491, 0.680248;
    ( StrongUp, StronUp, Down ) 0.226247, 0.431629, 0.279045, 0.063079;
    ( WeakUp, StronUp, Down ) 0.119848, 0.364590, 0.399953, 0.115609;
    ( Neutral, StronUp, Down ) 0.053702, 0.202757, 0.673005, 0.070537;
    ( Down, StronUp, Down ) 0.109690, 0.061531, 0.270541, 0.558239;
    ( StrongUp, WeakUp, Down ) 0.088245, 0.303555, 0.490023, 0.118176;
    ( WeakUp, WeakUp, Down ) 0.005814, 0.194958, 0.708501, 0.090727;
    ( Neutral, WeakUp, Down ) 0.006064, 0.168370, 0.382824, 0.442742;
    ( Down, WeakUp, Down ) 0.006522, 0.112729, 0.187241, 0.693509;
    ( StrongUp, Neutral, Down ) 0.121051, 0.212644, 0.586639, 0.079667;
    ( WeakUp, Neutral, Down ) 0.002115, 0.182123, 0.375578, 0.440184;
    ( Neutral, Neutral, Down ) 0.001900, 0.001990, 0.715069, 0.281040;
    ( Down, Neutral, Down ) 0.001964, 0.002088, 0.331783, 0.664165;
    ( StrongUp, Down, Down ) 0.082783, 0.099927, 0.139462, 0.677828;
    ( WeakUp, Down, Down ) 0.004386, 0.090629, 0.162970, 0.742016;
    ( Neutral, Down, Down ) 0.004286, 0.004286, 0.378915, 0.612513;
    ( Down, Down, Down ) 0.005156, 0.005156, 0.005699, 0.983989;
};

probability ( AreaMeso_ALS | CombVerMo ) {
    ( StrongUp ) 0.998678, 0.000445, 0.000440, 0.000437;
    ( WeakUp ) 0.000189, 0.999437, 0.000189, 0.000186;
    ( Neutral ) 0.000117, 0.000117, 0.999650, 0.000117;
    ( Down ) 0.000285, 0.000286, 0.000289, 0.999140;
};

probability ( SatContMoist ) {
    table 0.154518, 0.199362, 0.400167, 0.245952;
};

probability ( RaoContMoist ) {
    table 0.154560, 0.200649, 0.398506, 0.246284;
};

probability ( CombMoisture | SatContMoist, RaoContMoist ) {
    ( VeryWet, VeryWet ) 0.891718, 0.104149, 0.002105, 0.002027;
    ( Wet, VeryWet ) 0.525019, 0.430901, 0.042437, 0.001643;
    ( Neutral, VeryWet ) 0.225849, 0.304655, 0.362831, 0.106665;
    ( Dry, VeryWet ) 0.219425, 0.308014, 0.225351, 0.247209;
    ( VeryWet, Wet ) 0.626898, 0.323779, 0.047818, 0.001504;
    ( Wet, Wet ) 0.131197, 0.600430, 0.204845, 0.063528;
    ( Neutral, Wet ) 0.099499, 0.327142, 0.513708, 0.059651;
    ( Dry, Wet ) 0.244756, 0.300236, 0.196043, 0.258965;
    ( VeryWet, Neutral ) 0.289639, 0.500736, 0.208747, 0.000878;
    ( Wet, Neutral ) 0.050314, 0.425217, 0.428524, 0.095945;
    ( Neutral, Neutral ) 0.000331, 0.158475, 0.680222, 0.160971;
    ( Dry, Neutral ) 0.255383, 0.232420, 0.255083, 0.257114;
    ( VeryWet, Dry ) 0.260744, 0.362642, 0.237364, 0.139250;
    ( Wet, Dry ) 0.126410, 0.310365, 0.285043, 0.278182;
    ( Neutral, Dry ) 0.000552, 0.109453, 0.349210, 0.540786;
    ( Dry, Dry ) 0.237402, 0.266380, 0.240205, 0.256013;
};

probability ( AreaMoDryAir | AreaMeso_ALS, CombMoisture ) {
    ( StrongUp, VeryWet ) 0.989155, 0.006521, 0.002171, 0.002153;
    ( WeakUp, VeryWet ) 0.789219, 0.208790, 0.000992, 0.000999;
    ( Neutral, VeryWet ) 0.709728, 0.276038, 0.013591, 0.000644;
    ( Down, VeryWet ) 0.253006, 0.703170, 0.042141, 0.001682;
    ( StrongUp, Wet ) 0.755177, 0.241814, 0.001527, 0.001482;
    ( WeakUp, Wet ) 0.326260, 0.574643, 0.098441, 0.000657;
    ( Neutral, Wet ) 0.187278, 0.602907, 0.209402, 0.000414;
    ( Down, Wet ) 0.066381, 0.365938, 0.443868, 0.123813;
    ( StrongUp, Neutral ) 0.225599, 0.517466, 0.247273, 0.009663;
    ( WeakUp, Neutral ) 0.012588, 0.380708, 0.547954, 0.058750;
    ( Neutral, Neutral ) 0.006367, 0.095146, 0.806232, 0.092255;
    ( Down, Neutral ) 0.000855, 0.054665, 0.513189, 0.431292;
    ( StrongUp, Dry ) 0.002681, 0.257884, 0.557472, 0.181962;
    ( WeakUp, Dry ) 0.001009, 0.025383, 0.446801, 0.526807;
    ( Neutral, Dry ) 0.000668, 0.000662, 0.278830, 0.719840;
    ( Down, Dry ) 0.001556, 0.001542, 0.010743, 0.986158;
};

probability ( VISCloudCov ) {
    table 0.104913, 0.496142, 0.398946;
};

probability ( IRCloudCover ) {
    table 0.149110, 0.447609, 0.403282;
};

probability ( CombClouds | VISCloudCov, IRCloudCover ) {
    ( Cloudy, Cloudy ) 0.948387, 0.048346, 0.003267;
    ( PC, Cloudy ) 0.463315, 0.501043, 0.035641;
    ( Clear, Cloudy ) 0.100147, 0.395789, 0.504063;
    ( Cloudy, PC ) 0.855803, 0.128381, 0.015815;
    ( PC, PC ) 0.089085, 0.812938, 0.097977;
    ( Clear, PC ) 0.026979, 0.263801, 0.709220;
    ( Cloudy, Clear ) 0.794595, 0.107770, 0.097634;
    ( PC, Clear ) 0.048896, 0.478651, 0.472452;
    ( Clear, Clear ) 0.000329, 0.017209, 0.982462;
};

probability ( CldShadeOth | AreaMoDryAir, AreaMeso_ALS, CombClouds ) {
    ( VeryWet, StrongUp, Cloudy ) 0.990545, 0.004736, 0.004719;
    ( Wet, StrongUp, Cloudy ) 0.927476, 0.063218, 0.009306;
    ( Neutral, StrongUp, Cloudy ) 0.938278, 0.046526, 0.015196;
    ( Dry, StrongUp, Cloudy ) 0.868775, 0.065614, 0.065611;
    ( VeryWet, WeakUp, Cloudy ) 0.902536, 0.093056, 0.004407;
    ( Wet, WeakUp, Cloudy ) 0.906577, 0.083573, 0.009850;
    ( Neutral, WeakUp, Cloudy ) 0.849792, 0.145980, 0.004227;
    ( Dry, WeakUp, Cloudy ) 0.595290, 0.396663, 0.008047;
    ( VeryWet, Neutral, Cloudy ) 0.948430, 0.047250, 0.004320;
    ( Wet, Neutral, Cloudy ) 0.800142, 0.196989, 0.002870;
    ( Neutral, Neutral, Cloudy ) 0.783250, 0.195867, 0.020883;
    ( Dry, Neutral, Cloudy ) 0.772768, 0.189247, 0.037986;
    ( VeryWet, Down, Cloudy ) 0.768583, 0.195380, 0.036037;
    ( Wet, Down, Cloudy ) 0.660285, 0.311413, 0.028302;
    ( Neutral, Down, Cloudy ) 0.558380, 0.415536, 0.026084;
    ( Dry, Down, Cloudy ) 0.433765, 0.544895, 0.021340;
    ( VeryWet, StrongUp, PC ) 0.874904, 0.122640, 0.002456;
    ( Wet, StrongUp, PC ) 0.667334, 0.320453, 0.012213;
    ( Neutral, StrongUp, PC ) 0.477217, 0.453901, 0.068883;
    ( Dry, StrongUp, PC ) 0.332648, 0.642774, 0.024579;
    ( VeryWet, WeakUp, PC ) 0.432904, 0.540882, 0.026214;
    ( Wet, WeakUp, PC ) 0.234280, 0.592032, 0.173688;
    ( Neutral, WeakUp, PC ) 0.145391, 0.785155, 0.069454;
    ( Dry, WeakUp, PC ) 0.020721, 0.928182, 0.051097;
    ( VeryWet, Neutral, PC ) 0.218430, 0.766591, 0.014979;
    ( Wet, Neutral, PC ) 0.009911, 0.888047, 0.102041;
    ( Neutral, Neutral, PC ) 0.019249, 0.871551, 0.109200;
    ( Dry, Neutral, PC ) 0.019606, 0.781060, 0.199334;
    ( VeryWet, Down, PC ) 0.009552, 0.491526, 0.498922;
    ( Wet, Down, PC ) 0.002857, 0.387562, 0.609581;
    ( Neutral, Down, PC ) 0.007097, 0.721397, 0.271505;
    ( Dry, Down, PC ) 0.049452, 0.662753, 0.287795;
    ( VeryWet, StrongUp, Clear ) 0.272491, 0.344388, 0.383122;
    ( Wet, StrongUp, Clear ) 0.143468, 0.411947, 0.444585;
    ( Neutral, StrongUp, Clear ) 0.113039, 0.457379, 0.429581;
    ( Dry, StrongUp, Clear ) 0.120054, 0.203922, 0.676024;
    ( VeryWet, WeakUp, Clear ) 0.055223, 0.484592, 0.460184;
    ( Wet, WeakUp, Clear ) 0.006349, 0.277848, 0.715804;
    ( Neutral, WeakUp, Clear ) 0.001335, 0.217919, 0.780747;
    ( Dry, WeakUp, Clear ) 0.003689, 0.126980, 0.869331;
    ( VeryWet, Neutral, Clear ) 0.012787, 0.268376, 0.718837;
    ( Wet, Neutral, Clear ) 0.001088, 0.124689, 0.874224;
    ( Neutral, Neutral, Clear ) 0.000662, 0.057479, 0.941859;
    ( Dry, Neutral, Clear ) 0.001663, 0.049232, 0.949105;
    ( VeryWet, Down, Clear ) 0.010043, 0.090385, 0.899572;
    ( Wet, Down, Clear ) 0.002807, 0.019833, 0.977360;
    ( Neutral, Down, Clear ) 0.001953, 0.009838, 0.988209;
    ( Dry, Down, Clear ) 0.004891, 0.001826, 0.993283;
};

probability ( AMInstabMt ) {
    table 0.329098, 0.338725, 0.332176;
};

probability ( InsInMt | CldShadeOth, AMInstabMt ) {
    ( Cloudy, None ) 0.877760, 0.121441, 0.000799;
    ( PC, None ) 0.604964, 0.381617, 0.013419;
    ( Clear, None ) 0.507948, 0.341792, 0.150261;
    ( Cloudy, Weak ) 0.003491, 0.391872, 0.604637;
    ( PC, Weak ) 0.000385, 0.396427, 0.603189;
    ( Clear, Weak ) 0.000378, 0.158603, 0.841018;
    ( Cloudy, Strong ) 0.000722, 0.044807, 0.954471;
    ( PC, Strong ) 0.000414, 0.000422, 0.999164;
    ( Clear, Strong ) 0.000371, 0.000371, 0.999258;
};

probability ( WndHodograph ) {
    table 0.299775, 0.250712, 0.246757, 0.202757;
};

probability ( OutflowFrMt | InsInMt, WndHodograph ) {
    ( None, DCVZFavor ) 0.998159, 0.000840, 0.001001;
    ( Weak, DCVZFavor ) 0.501648, 0.412519, 0.085834;
    ( Strong, DCVZFavor ) 0.044515, 0.446117, 0.509368;
    ( None, StrongWest ) 0.998030, 0.001027, 0.000942;
    ( Weak, StrongWest ) 0.163519, 0.391015, 0.445466;
    ( Strong, StrongWest ) 0.013640, 0.154646, 0.831713;
    ( None, Westerly ) 0.997891, 0.001106, 0.001003;
    ( Weak, Westerly ) 0.346354, 0.592024, 0.061621;
    ( Strong, Westerly ) 0.113225, 0.224899, 0.661876;
    ( None, Other ) 0.997470, 0.001254, 0.001276;
    ( Weak, Other ) 0.800262, 0.184189, 0.015550;
    ( Strong, Other ) 0.615777, 0.294093, 0.090131;
};

probability ( MorningBound ) {
    table 0.495167, 0.357910, 0.146923;
};

probability ( Boundaries | OutflowFrMt, WndHodograph, MorningBound ) {
    ( None, DCVZFavor, None ) 0.491083, 0.487384, 0.021533;
    ( Weak, DCVZFavor, None ) 0.280079, 0.643706, 0.076215;
    ( Strong, DCVZFavor, None ) 0.001093, 0.552806, 0.446100;
    ( None, StrongWest, None ) 0.738901, 0.227204, 0.033895;
    ( Weak, StrongWest, None ) 0.181762, 0.706663, 0.111574;
    ( Strong, StrongWest, None ) 0.000726, 0.515269, 0.484004;
    ( None, Westerly, None ) 0.791200, 0.196776, 0.012024;
    ( Weak, Westerly, None ) 0.157781, 0.711498, 0.130721;
    ( Strong, Westerly, None ) 0.001065, 0.692563, 0.306372;
    ( None, Other, None ) 0.724950, 0.249719, 0.025332;
    ( Weak, Other, None ) 0.410008, 0.517337, 0.072655;
    ( Strong, Other, None ) 0.009542, 0.792436, 0.198021;
    ( None, DCVZFavor, Weak ) 0.390894, 0.413050, 0.196056;
    ( Weak, DCVZFavor, Weak ) 0.106709, 0.511999, 0.381292;
    ( Strong, DCVZFavor, Weak ) 0.001618, 0.404152, 0.594230;
    ( None, StrongWest, Weak ) 0.490144, 0.415607, 0.094249;
    ( Weak, StrongWest, Weak ) 0.069053, 0.753765, 0.177182;
    ( Strong, StrongWest, Weak ) 0.000941, 0.398353, 0.600706;
    ( None, Westerly, Weak ) 0.355675, 0.503527, 0.140798;
    ( Weak, Westerly, Weak ) 0.064381, 0.771294, 0.164325;
    ( Strong, Westerly, Weak ) 0.001501, 0.492492, 0.506007;
    ( None, Other, Weak ) 0.272498, 0.595171, 0.132331;
    ( Weak, Other, Weak ) 0.239086, 0.642790, 0.118124;
    ( Strong, Other, Weak ) 0.032281, 0.418912, 0.548808;
    ( None, DCVZFavor, Strong ) 0.120400, 0.266438, 0.613162;
    ( Weak, DCVZFavor, Strong ) 0.025408, 0.234713, 0.739879;
    ( Strong, DCVZFavor, Strong ) 0.003235, 0.151741, 0.845024;
    ( None, StrongWest, Strong ) 0.271093, 0.384594, 0.344314;
    ( Weak, StrongWest, Strong ) 0.094288, 0.428002, 0.477710;
    ( Strong, StrongWest, Strong ) 0.002483, 0.199409, 0.798109;
    ( None, Westerly, Strong ) 0.237280, 0.381294, 0.381427;
    ( Weak, Westerly, Strong ) 0.057320, 0.482781, 0.459899;
    ( Strong, Westerly, Strong ) 0.003643, 0.205629, 0.790728;
    ( None, Other, Strong ) 0.039838, 0.358820, 0.601342;
    ( Weak, Other, Strong ) 0.073590, 0.288142, 0.638267;
    ( Strong, Other, Strong ) 0.032096, 0.100295, 0.867609;
};

probability ( CldShadeConv | InsInMt, WndHodograph ) {
    ( None, DCVZFavor ) 0.998244, 0.000925, 0.000831;
    ( Weak, DCVZFavor ) 0.324925, 0.584136, 0.090939;
    ( Strong, DCVZFavor ) 0.000294, 0.316270, 0.683435;
    ( None, StrongWest ) 0.998076, 0.000962, 0.000962;
    ( Weak, StrongWest ) 0.200377, 0.681123, 0.118500;
    ( Strong, StrongWest ) 0.000347, 0.197491, 0.802162;
    ( None, Westerly ) 0.997980, 0.001008, 0.001012;
    ( Weak, Westerly ) 0.515004, 0.445965, 0.039031;
    ( Strong, Westerly ) 0.095947, 0.495165, 0.408887;
    ( None, Other ) 0.997492, 0.001257, 0.001252;
    ( Weak, Other ) 0.777443, 0.209086, 0.013471;
    ( Strong, Other ) 0.508482, 0.387637, 0.103881;
};

probability ( CompPlFcst | Boundaries, CldShadeConv, AreaMeso_ALS, CldShadeOth ) {
    ( None, None, StrongUp, Cloudy ) 0.340305, 0.346074, 0.313622;
    ( Weak, None, StrongUp, Cloudy ) 0.399347, 0.375349, 0.225304;
    ( Strong, None, StrongUp, Cloudy ) 0.440525, 0.266212, 0.293263;
    ( None, Some, StrongUp, Cloudy ) 0.476855, 0.229639, 0.293506;
    ( Weak, Some, StrongUp, Cloudy ) 0.330414, 0.344448, 0.325138;
    ( Strong, Some, StrongUp, Cloudy ) 0.381819, 0.287584, 0.330596;
    ( None, Marked, StrongUp, Cloudy ) 0.515136, 0.331329, 0.153535;
    ( Weak, Marked, StrongUp, Cloudy ) 0.412538, 0.388587, 0.198875;
    ( Strong, Marked, StrongUp, Cloudy ) 0.256875, 0.408986, 0.334139;
    ( None, None, WeakUp, Cloudy ) 0.596609, 0.306620, 0.096771;
    ( Weak, None, WeakUp, Cloudy ) 0.445743, 0.249395, 0.304863;
    ( Strong, None, WeakUp, Cloudy ) 0.293348, 0.423712, 0.282940;
    ( None, Some, WeakUp, Cloudy ) 0.604755, 0.319226, 0.076019;
    ( Weak, Some, WeakUp, Cloudy ) 0.524365, 0.281638, 0.193997;
    ( Strong, Some, WeakUp, Cloudy ) 0.396841, 0.228872, 0.374287;
    ( None, Marked, WeakUp, Cloudy ) 0.652379, 0.304093, 0.043527;
    ( Weak, Marked, WeakUp, Cloudy ) 0.588012, 0.311054, 0.100935;
    ( Strong, Marked, WeakUp, Cloudy ) 0.438313, 0.341722, 0.219965;
    ( None, None, Neutral, Cloudy ) 0.644197, 0.329842, 0.025961;
    ( Weak, None, Neutral, Cloudy ) 0.524251, 0.258604, 0.217145;
    ( Strong, None, Neutral, Cloudy ) 0.588233, 0.180438, 0.231328;
    ( None, Some, Neutral, Cloudy ) 0.730218, 0.170595, 0.099187;
    ( Weak, Some, Neutral, Cloudy ) 0.565361, 0.317009, 0.117630;
    ( Strong, Some, Neutral, Cloudy ) 0.569461, 0.192687, 0.237852;
    ( None, Marked, Neutral, Cloudy ) 0.689880, 0.276870, 0.033250;
    ( Weak, Marked, Neutral, Cloudy ) 0.570699, 0.312012, 0.117290;
    ( Strong, Marked, Neutral, Cloudy ) 0.451217, 0.452138, 0.096645;
    ( None, None, Down, Cloudy ) 0.548973, 0.408740, 0.042287;
    ( Weak, None, Down, Cloudy ) 0.524418, 0.435893, 0.039688;
    ( Strong, None, Down, Cloudy ) 0.771411, 0.113454, 0.115135;
    ( None, Some, Down, Cloudy ) 0.517488, 0.448057, 0.034455;
    ( Weak, Some, Down, Cloudy ) 0.650787, 0.256188, 0.093025;
    ( Strong, Some, Down, Cloudy ) 0.333393, 0.542779, 0.123828;
    ( None, Marked, Down, Cloudy ) 0.554194, 0.335151, 0.110656;
    ( Weak, Marked, Down, Cloudy ) 0.636842, 0.249671, 0.113487;
    ( Strong, Marked, Down, Cloudy ) 0.670528, 0.224661, 0.104811;
    ( None, None, StrongUp, PC ) 0.057393, 0.347283, 0.595325;
    ( Weak, None, StrongUp, PC ) 0.008706, 0.399125, 0.592169;
    ( Strong, None, StrongUp, PC ) 0.028187, 0.201847, 0.769966;
    ( None, Some, StrongUp, PC ) 0.428982, 0.237272, 0.333746;
    ( Weak, Some, StrongUp, PC ) 0.084096, 0.299236, 0.616668;
    ( Strong, Some, StrongUp, PC ) 0.097134, 0.623186, 0.279680;
    ( None, Marked, StrongUp, PC ) 0.480744, 0.256706, 0.262550;
    ( Weak, Marked, StrongUp, PC ) 0.239096, 0.565602, 0.195302;
    ( Strong, Marked, StrongUp, PC ) 0.162955, 0.332357, 0.504687;
    ( None, None, WeakUp, PC ) 0.421694, 0.277409, 0.300897;
    ( Weak, None, WeakUp, PC ) 0.307147, 0.361962, 0.330891;
    ( Strong, None, WeakUp, PC ) 0.159526, 0.374111, 0.466363;
    ( None, Some, WeakUp, PC ) 0.340849, 0.383998, 0.275153;
    ( Weak, Some, WeakUp, PC ) 0.405894, 0.353790, 0.240317;
    ( Strong, Some, WeakUp, PC ) 0.199893, 0.437843, 0.362265;
    ( None, Marked, WeakUp, PC ) 0.684814, 0.153856, 0.161329;
    ( Weak, Marked, WeakUp, PC ) 0.437953, 0.377281, 0.184765;
    ( Strong, Marked, WeakUp, PC ) 0.332728, 0.418445, 0.248827;
    ( None, None, Neutral, PC ) 0.467377, 0.409625, 0.122998;
    ( Weak, None, Neutral, PC ) 0.381000, 0.406553, 0.212447;
    ( Strong, None, Neutral, PC ) 0.277426, 0.403674, 0.318901;
    ( None, Some, Neutral, PC ) 0.453130, 0.426211, 0.120659;
    ( Weak, Some, Neutral, PC ) 0.454524, 0.405052, 0.140424;
    ( Strong, Some, Neutral, PC ) 0.370766, 0.413833, 0.215401;
    ( None, Marked, Neutral, PC ) 0.627908, 0.262843, 0.109249;
    ( Weak, Marked, Neutral, PC ) 0.549360, 0.297515, 0.153125;
    ( Strong, Marked, Neutral, PC ) 0.401343, 0.376236, 0.222421;
    ( None, None, Down, PC ) 0.637767, 0.314887, 0.047346;
    ( Weak, None, Down, PC ) 0.602455, 0.287547, 0.109997;
    ( Strong, None, Down, PC ) 0.433936, 0.292130, 0.273934;
    ( None, Some, Down, PC ) 0.701926, 0.234290, 0.063785;
    ( Weak, Some, Down, PC ) 0.573761, 0.301320, 0.124919;
    ( Strong, Some, Down, PC ) 0.509817, 0.299297, 0.190887;
    ( None, Marked, Down, PC ) 0.856058, 0.108721, 0.035222;
    ( Weak, Marked, Down, PC ) 0.747360, 0.184447, 0.068193;
    ( Strong, Marked, Down, PC ) 0.699255, 0.249126, 0.051620;
    ( None, None, StrongUp, Clear ) 0.122712, 0.333339, 0.543950;
    ( Weak, None, StrongUp, Clear ) 0.044327, 0.250516, 0.705156;
    ( Strong, None, StrongUp, Clear ) 0.123241, 0.288529, 0.588230;
    ( None, Some, StrongUp, Clear ) 0.390195, 0.167226, 0.442579;
    ( Weak, Some, StrongUp, Clear ) 0.096388, 0.233771, 0.669841;
    ( Strong, Some, StrongUp, Clear ) 0.069641, 0.376388, 0.553970;
    ( None, Marked, StrongUp, Clear ) 0.288543, 0.403945, 0.307513;
    ( Weak, Marked, StrongUp, Clear ) 0.143374, 0.378447, 0.478179;
    ( Strong, Marked, StrongUp, Clear ) 0.219943, 0.219932, 0.560125;
    ( None, None, WeakUp, Clear ) 0.193173, 0.541742, 0.265085;
    ( Weak, None, WeakUp, Clear ) 0.118680, 0.533568, 0.347753;
    ( Strong, None, WeakUp, Clear ) 0.096874, 0.273029, 0.630097;
    ( None, Some, WeakUp, Clear ) 0.290167, 0.561777, 0.148056;
    ( Weak, Some, WeakUp, Clear ) 0.173828, 0.491360, 0.334811;
    ( Strong, Some, WeakUp, Clear ) 0.165651, 0.371310, 0.463039;
    ( None, Marked, WeakUp, Clear ) 0.411601, 0.366681, 0.221718;
    ( Weak, Marked, WeakUp, Clear ) 0.292397, 0.522036, 0.185567;
    ( Strong, Marked, WeakUp, Clear ) 0.177448, 0.413691, 0.408861;
    ( None, None, Neutral, Clear ) 0.239569, 0.453724, 0.306706;
    ( Weak, None, Neutral, Clear ) 0.179339, 0.418866, 0.401794;
    ( Strong, None, Neutral, Clear ) 0.117690, 0.444186, 0.438124;
    ( None, Some, Neutral, Clear ) 0.302295, 0.426637, 0.271068;
    ( Weak, Some, Neutral, Clear ) 0.263549, 0.455617, 0.280835;
    ( Strong, Some, Neutral, Clear ) 0.181745, 0.469484, 0.348771;
    ( None, Marked, Neutral, Clear ) 0.551701, 0.363803, 0.084496;
    ( Weak, Marked, Neutral, Clear ) 0.466386, 0.286924, 0.246690;
    ( Strong, Marked, Neutral, Clear ) 0.380036, 0.411044, 0.208920;
    ( None, None, Down, Clear ) 0.600360, 0.357370, 0.042270;
    ( Weak, None, Down, Clear ) 0.661557, 0.218940, 0.119503;
    ( Strong, None, Down, Clear ) 0.432416, 0.354810, 0.212775;
    ( None, Some, Down, Clear ) 0.628593, 0.319256, 0.052151;
    ( Weak, Some, Down, Clear ) 0.632788, 0.324729, 0.042483;
    ( Strong, Some, Down, Clear ) 0.495298, 0.396313, 0.108389;
    ( None, Marked, Down, Clear ) 0.877299, 0.107819, 0.014882;
    ( Weak, Marked, Down, Clear ) 0.674120, 0.252589, 0.073291;
    ( Strong, Marked, Down, Clear ) 0.575401, 0.321077, 0.103521;
};

probability ( CapChange | CompPlFcst ) {
    ( IncCapDecIns ) 0.000127, 0.000128, 0.999745;
    ( LittleChange ) 0.000142, 0.999718, 0.000141;
    ( DecCapIncIns ) 0.999557, 0.000222, 0.000221;
};

probability ( LoLevMoistAd ) {
    table 0.126893, 0.281309, 0.293906, 0.297892;
};

probability ( InsChange | LoLevMoistAd, CompPlFcst ) {
    ( StrongPos, IncCapDecIns ) 0.001048, 0.061834, 0.937118;
    ( WeakPos, IncCapDecIns ) 0.047618, 0.164200, 0.788182;
    ( Neutral, IncCapDecIns ) 0.133316, 0.496515, 0.370169;
    ( Negative, IncCapDecIns ) 0.513466, 0.387476, 0.099058;
    ( StrongPos, LittleChange ) 0.001046, 0.111667, 0.887288;
    ( WeakPos, LittleChange ) 0.100461, 0.409420, 0.490119;
    ( Neutral, LittleChange ) 0.188966, 0.601774, 0.209259;
    ( Negative, LittleChange ) 0.812692, 0.145399, 0.041909;
    ( StrongPos, DecCapIncIns ) 0.050505, 0.117627, 0.831868;
    ( WeakPos, DecCapIncIns ) 0.222714, 0.524902, 0.252384;
    ( Neutral, DecCapIncIns ) 0.366621, 0.498200, 0.135179;
    ( Negative, DecCapIncIns ) 0.888826, 0.102681, 0.008493;
};

probability ( MountainFcst | InsInMt ) {
    ( None ) 0.999509, 0.000246, 0.000245;
    ( Weak ) 0.474419, 0.507481, 0.018100;
    ( Strong ) 0.197120, 0.509041, 0.293839;
};

probability ( Date ) {
    table 0.253611, 0.127374, 0.104105, 0.214336, 0.074005, 0.226568;
};

probability ( Scenario | Date ) {
    ( May15_Jun14 ) 0.097574, 0.156717, 0.107481, 0.088932, 0.078337, 0.011820, 0.080576, 0.097159, 0.090270, 0.026098, 0.165037;
    ( Jun15_Jul1 ) 0.040841, 0.159487, 0.093565, 0.102855, 0.125408, 0.015526, 0.126573, 0.054537, 0.077558, 0.104908, 0.098742;
    ( Jul2_Jul15 ) 0.033445, 0.109392, 0.095073, 0.082042, 0.164982, 0.031632, 0.143012, 0.039416, 0.071472, 0.142761, 0.086772;
    ( Jul16_Aug10 ) 0.040831, 0.131863, 0.091411, 0.065004, 0.201192, 0.077961, 0.060130, 0.049996, 0.075995, 0.123710, 0.081906;
    ( Aug11_Aug20 ) 0.045594, 0.126278, 0.118574, 0.070200, 0.157834, 0.045777, 0.091139, 0.051239, 0.083960, 0.127053, 0.082351;
    ( Aug20_Sep15 ) 0.047117, 0.107289, 0.103384, 0.084762, 0.105154, 0.020402, 0.104563, 0.070619, 0.080861, 0.106345, 0.169505;
};

probability ( ScenRelAMCIN | Scenario ) {
    ( A ) 0.999093, 0.000907;
    ( B ) 0.999618, 0.000382;
    ( C ) 0.000502, 0.999498;
    ( D ) 0.000612, 0.999388;
    ( E ) 0.000384, 0.999616;
    ( F ) 0.001530, 0.998470;
    ( G ) 0.000536, 0.999464;
    ( H ) 0.000769, 0.999231;
    ( I ) 0.000627, 0.999373;
    ( J ) 0.000535, 0.999465;
    ( K ) 0.000403, 0.999597;
};

probability ( MorningCIN ) {
    table 0.149628, 0.569404, 0.201631, 0.079337;
};

probability ( AMCINInScen | ScenRelAMCIN, MorningCIN ) {
    ( AB, None ) 0.996567, 0.001719, 0.001715;
    ( CThruK, None ) 0.733112, 0.266456, 0.000432;
    ( AB, PartInhibit ) 0.588826, 0.384307, 0.026866;
    ( CThruK, PartInhibit ) 0.305099, 0.592274, 0.102628;
    ( AB, Stifling ) 0.230685, 0.501952, 0.267363;
    ( CThruK, Stifling ) 0.012204, 0.398239, 0.589557;
    ( AB, TotalInhibit ) 0.003288, 0.096180, 0.900532;
    ( CThruK, TotalInhibit ) 0.000799, 0.034505, 0.964697;
};

probability ( CapInScen | AMCINInScen, CapChange ) {
    ( LessThanAve, Decreasing ) 0.998621, 0.000690, 0.000689;
    ( Average, Decreasing ) 0.734833, 0.264670, 0.000497;
    ( MoreThanAve, Decreasing ) 0.287343, 0.364403, 0.348254;
    ( LessThanAve, LittleChange ) 0.979269, 0.020313, 0.000418;
    ( Average, LittleChange ) 0.035234, 0.929938, 0.034828;
    ( MoreThanAve, LittleChange ) 0.000587, 0.026800, 0.972613;
    ( LessThanAve, Increasing ) 0.330460, 0.374384, 0.295155;
    ( Average, Increasing ) 0.000289, 0.243128, 0.756583;
    ( MoreThanAve, Increasing ) 0.000554, 0.000564, 0.998881;
};

probability ( ScenRelAMIns | Scenario ) {
    ( A ) 0.995502, 0.000900, 0.000900, 0.000901, 0.000898, 0.000899;
    ( B ) 0.998113, 0.000378, 0.000377, 0.000377, 0.000377, 0.000377;
    ( C ) 0.000501, 0.997500, 0.000501, 0.000500, 0.000499, 0.000499;
    ( D ) 0.000615, 0.996922, 0.000616, 0.000617, 0.000615, 0.000615;
    ( E ) 0.000387, 0.998064, 0.000387, 0.000388, 0.000388, 0.000387;
    ( F ) 0.001525, 0.001528, 0.992337, 0.001525, 0.001541, 0.001544;
    ( G ) 0.000532, 0.000532, 0.000532, 0.997338, 0.000533, 0.000533;
    ( H ) 0.000760, 0.000761, 0.000761, 0.000764, 0.996193, 0.000761;
    ( I ) 0.996889, 0.000622, 0.000621, 0.000624, 0.000622, 0.000623;
    ( J ) 0.000536, 0.997321, 0.000535, 0.000535, 0.000536, 0.000536;
    ( K ) 0.000401, 0.000401, 0.000401, 0.000400, 0.000401, 0.997996;
};

probability ( LIfr12ZDENSd ) {
    table 0.098175, 0.527276, 0.296116, 0.078433;
};

probability ( AMDewptCalPl ) {
    table 0.293244, 0.251600, 0.455155;
};

probability ( AMInsWliScen | ScenRelAMIns, LIfr12ZDENSd, AMDewptCalPl ) {
    ( ABI, LIGt0, Instability ) 0.545599, 0.319405, 0.134995;
    ( CDEJ, LIGt0, Instability ) 0.387011, 0.270913, 0.342076;
    ( F, LIGt0, Instability ) 0.270606, 0.377536, 0.351858;
    ( G, LIGt0, Instability ) 0.299121, 0.393577, 0.307303;
    ( H, LIGt0, Instability ) 0.384367, 0.540591, 0.075043;
    ( K, LIGt0, Instability ) 0.322851, 0.563344, 0.113805;
    ( ABI, N1GtLIGt_4, Instability ) 0.319761, 0.295035, 0.385203;
    ( CDEJ, N1GtLIGt_4, Instability ) 0.153985, 0.297493, 0.548522;
    ( F, N1GtLIGt_4, Instability ) 0.149707, 0.311410, 0.538883;
    ( G, N1GtLIGt_4, Instability ) 0.143506, 0.326117, 0.530377;
    ( H, N1GtLIGt_4, Instability ) 0.077850, 0.274072, 0.648078;
    ( K, N1GtLIGt_4, Instability ) 0.086650, 0.363338, 0.550013;
    ( ABI, N5GtLIGt_8, Instability ) 0.077787, 0.240125, 0.682088;
    ( CDEJ, N5GtLIGt_8, Instability ) 0.026294, 0.163905, 0.809802;
    ( F, N5GtLIGt_8, Instability ) 0.020396, 0.021159, 0.958444;
    ( G, N5GtLIGt_8, Instability ) 0.081404, 0.237267, 0.681329;
    ( H, N5GtLIGt_8, Instability ) 0.044408, 0.186445, 0.769147;
    ( K, N5GtLIGt_8, Instability ) 0.059438, 0.184562, 0.756000;
    ( ABI, LILt_8, Instability ) 0.008955, 0.081928, 0.909117;
    ( CDEJ, LILt_8, Instability ) 0.028321, 0.059633, 0.912046;
    ( F, LILt_8, Instability ) 0.055634, 0.055634, 0.888732;
    ( G, LILt_8, Instability ) 0.069156, 0.074325, 0.856519;
    ( H, LILt_8, Instability ) 0.034255, 0.175865, 0.789880;
    ( K, LILt_8, Instability ) 0.020569, 0.145185, 0.834247;
    ( ABI, LIGt0, Neutral ) 0.847830, 0.124720, 0.027450;
    ( CDEJ, LIGt0, Neutral ) 0.655969, 0.260200, 0.083831;
    ( F, LIGt0, Neutral ) 0.558972, 0.390226, 0.050801;
    ( G, LIGt0, Neutral ) 0.560109, 0.386071, 0.053820;
    ( H, LIGt0, Neutral ) 0.667896, 0.168779, 0.163325;
    ( K, LIGt0, Neutral ) 0.396640, 0.551446, 0.051914;
    ( ABI, N1GtLIGt_4, Neutral ) 0.472329, 0.282854, 0.244817;
    ( CDEJ, N1GtLIGt_4, Neutral ) 0.233280, 0.516223, 0.250497;
    ( F, N1GtLIGt_4, Neutral ) 0.186689, 0.653214, 0.160097;
    ( G, N1GtLIGt_4, Neutral ) 0.175039, 0.634100, 0.190862;
    ( H, N1GtLIGt_4, Neutral ) 0.208122, 0.415097, 0.376781;
    ( K, N1GtLIGt_4, Neutral ) 0.242514, 0.519583, 0.237904;
    ( ABI, N5GtLIGt_8, Neutral ) 0.163326, 0.448715, 0.387958;
    ( CDEJ, N5GtLIGt_8, Neutral ) 0.216097, 0.309116, 0.474787;
    ( F, N5GtLIGt_8, Neutral ) 0.059771, 0.453512, 0.486716;
    ( G, N5GtLIGt_8, Neutral ) 0.137107, 0.521968, 0.340925;
    ( H, N5GtLIGt_8, Neutral ) 0.027338, 0.324044, 0.648618;
    ( K, N5GtLIGt_8, Neutral ) 0.105259, 0.405457, 0.489284;
    ( ABI, LILt_8, Neutral ) 0.008337, 0.144424, 0.847239;
    ( CDEJ, LILt_8, Neutral ) 0.017302, 0.142438, 0.840260;
    ( F, LILt_8, Neutral ) 0.073359, 0.073389, 0.853252;
    ( G, LILt_8, Neutral ) 0.075843, 0.293927, 0.630230;
    ( H, LILt_8, Neutral ) 0.029747, 0.150810, 0.819443;
    ( K, LILt_8, Neutral ) 0.067164, 0.166608, 0.766228;
    ( ABI, LIGt0, Stability ) 0.931060, 0.057533, 0.011406;
    ( CDEJ, LIGt0, Stability ) 0.862155, 0.097468, 0.040377;
    ( F, LIGt0, Stability ) 0.726482, 0.175676, 0.097842;
    ( G, LIGt0, Stability ) 0.713194, 0.250970, 0.035836;
    ( H, LIGt0, Stability ) 0.537587, 0.445095, 0.017319;
    ( K, LIGt0, Stability ) 0.464960, 0.399487, 0.135553;
    ( ABI, N1GtLIGt_4, Stability ) 0.766184, 0.186632, 0.047185;
    ( CDEJ, N1GtLIGt_4, Stability ) 0.605842, 0.304169, 0.089989;
    ( F, N1GtLIGt_4, Stability ) 0.520937, 0.409357, 0.069706;
    ( G, N1GtLIGt_4, Stability ) 0.124298, 0.693885, 0.181817;
    ( H, N1GtLIGt_4, Stability ) 0.460141, 0.421535, 0.118324;
    ( K, N1GtLIGt_4, Stability ) 0.313975, 0.536829, 0.149196;
    ( ABI, N5GtLIGt_8, Stability ) 0.527888, 0.397056, 0.075056;
    ( CDEJ, N5GtLIGt_8, Stability ) 0.449754, 0.404711, 0.145535;
    ( F, N5GtLIGt_8, Stability ) 0.346552, 0.465780, 0.187668;
    ( G, N5GtLIGt_8, Stability ) 0.107774, 0.713524, 0.178701;
    ( H, N5GtLIGt_8, Stability ) 0.123228, 0.408827, 0.467945;
    ( K, N5GtLIGt_8, Stability ) 0.166003, 0.301900, 0.532097;
    ( ABI, LILt_8, Stability ) 0.365567, 0.306647, 0.327785;
    ( CDEJ, LILt_8, Stability ) 0.293189, 0.277942, 0.428869;
    ( F, LILt_8, Stability ) 0.045498, 0.501092, 0.453410;
    ( G, LILt_8, Stability ) 0.102855, 0.206876, 0.690270;
    ( H, LILt_8, Stability ) 0.163757, 0.345922, 0.490321;
    ( K, LILt_8, Stability ) 0.067688, 0.351537, 0.580775;
};

probability ( InsSclInScen | AMInsWliScen, InsChange ) {
    ( LessUnstable, Decreasing ) 0.998968, 0.000534, 0.000498;
    ( Average, Decreasing ) 0.553021, 0.446460, 0.000520;
    ( MoreUnstable, Decreasing ) 0.235702, 0.356963, 0.407335;
    ( LessUnstable, LittleChange ) 0.902507, 0.097028, 0.000465;
    ( Average, LittleChange ) 0.147931, 0.699253, 0.152816;
    ( MoreUnstable, LittleChange ) 0.000483, 0.102849, 0.896668;
    ( LessUnstable, Increasing ) 0.387025, 0.348041, 0.264934;
    ( Average, Increasing ) 0.000428, 0.389595, 0.609977;
    ( MoreUnstable, Increasing ) 0.000473, 0.000476, 0.999051;
};

probability ( ScenRel3_4 | Scenario ) {
    ( A ) 0.996406, 0.000899, 0.000899, 0.000899, 0.000898;
    ( B ) 0.000380, 0.998482, 0.000380, 0.000380, 0.000380;
    ( C ) 0.997997, 0.000501, 0.000501, 0.000501, 0.000501;
    ( D ) 0.000614, 0.000614, 0.997544, 0.000614, 0.000614;
    ( E ) 0.998462, 0.000384, 0.000385, 0.000385, 0.000384;
    ( F ) 0.993873, 0.001532, 0.001531, 0.001531, 0.001532;
    ( G ) 0.000537, 0.000537, 0.000537, 0.997852, 0.000537;
    ( H ) 0.000771, 0.000767, 0.000772, 0.000771, 0.996920;
    ( I ) 0.000624, 0.000625, 0.000624, 0.000624, 0.997503;
    ( J ) 0.000536, 0.000535, 0.000536, 0.997859, 0.000535;
    ( K ) 0.998395, 0.000402, 0.000401, 0.000401, 0.000402;
};

probability ( LatestCIN ) {
    table 0.404482, 0.399069, 0.148431, 0.048017;
};

probability ( LLIW ) {
    table 0.125945, 0.311712, 0.380804, 0.181539;
};

probability ( CurPropConv | LatestCIN, LLIW ) {
    ( None, Unfavorable ) 0.694796, 0.283521, 0.020696, 0.000987;
    ( PartInhibit, Unfavorable ) 0.884452, 0.105096, 0.009416, 0.001036;
    ( Stifling, Unfavorable ) 0.943938, 0.051241, 0.002402, 0.002418;
    ( TotalInhibit, Unfavorable ) 0.965979, 0.011882, 0.011119, 0.011020;
    ( None, Weak ) 0.115168, 0.481594, 0.299811, 0.103427;
    ( PartInhibit, Weak ) 0.624364, 0.263289, 0.102802, 0.009545;
    ( Stifling, Weak ) 0.751870, 0.215931, 0.031113, 0.001085;
    ( TotalInhibit, Weak ) 0.935371, 0.058061, 0.003283, 0.003284;
    ( None, Moderate ) 0.010590, 0.147469, 0.330956, 0.510987;
    ( PartInhibit, Moderate ) 0.246002, 0.345389, 0.316123, 0.092485;
    ( Stifling, Moderate ) 0.409668, 0.392014, 0.173922, 0.024396;
    ( TotalInhibit, Moderate ) 0.751998, 0.205833, 0.039519, 0.002650;
    ( None, Strong ) 0.000701, 0.020964, 0.177597, 0.800738;
    ( PartInhibit, Strong ) 0.010646, 0.150615, 0.335784, 0.502955;
    ( Stifling, Strong ) 0.234158, 0.311496, 0.325806, 0.128540;
    ( TotalInhibit, Strong ) 0.391820, 0.441259, 0.083763, 0.083158;
};

probability ( ScnRelPlFcst | Scenario ) {
    ( A ) 0.991091, 0.000893, 0.000892, 0.000890, 0.000890, 0.000888, 0.000891, 0.000888, 0.000895, 0.000892, 0.000889;
    ( B ) 0.000378, 0.996218, 0.000378, 0.000378, 0.000378, 0.000379, 0.000378, 0.000378, 0.000378, 0.000378, 0.000378;
    ( C ) 0.000498, 0.000499, 0.995003, 0.000500, 0.000500, 0.000500, 0.000501, 0.000500, 0.000500, 0.000500, 0.000499;
    ( D ) 0.000609, 0.000611, 0.000611, 0.993902, 0.000609, 0.000610, 0.000608, 0.000609, 0.000609, 0.000611, 0.000610;
    ( E ) 0.000384, 0.000382, 0.000383, 0.000383, 0.996170, 0.000383, 0.000383, 0.000383, 0.000382, 0.000383, 0.000383;
    ( F ) 0.001507, 0.001509, 0.001514, 0.001513, 0.001513, 0.984875, 0.001512, 0.001515, 0.001512, 0.001514, 0.001516;
