// Bayesian Network (Learned via Seeded EM)

variable N0_7muVerMo {
  type discrete [ 4 ] = { StrongUp, WeakUp, Neutral, Down };
};
variable SubjVertMo {
  type discrete [ 4 ] = { StronUp, WeakUp, Neutral, Down };
};
variable QGVertMotion {
  type discrete [ 4 ] = { StrongUp, WeakUp, Neutral, Down };
};
variable CombVerMo {
  type discrete [ 4 ] = { StrongUp, WeakUp, Neutral, Down };
};
variable AreaMeso_ALS {
  type discrete [ 4 ] = { StrongUp, WeakUp, Neutral, Down };
};
variable SatContMoist {
  type discrete [ 4 ] = { VeryWet, Wet, Neutral, Dry };
};
variable RaoContMoist {
  type discrete [ 4 ] = { VeryWet, Wet, Neutral, Dry };
};
variable CombMoisture {
  type discrete [ 4 ] = { VeryWet, Wet, Neutral, Dry };
};
variable AreaMoDryAir {
  type discrete [ 4 ] = { VeryWet, Wet, Neutral, Dry };
};
variable VISCloudCov {
  type discrete [ 3 ] = { Cloudy, PC, Clear };
};
variable IRCloudCover {
  type discrete [ 3 ] = { Cloudy, PC, Clear };
};
variable CombClouds {
  type discrete [ 3 ] = { Cloudy, PC, Clear };
};
variable CldShadeOth {
  type discrete [ 3 ] = { Cloudy, PC, Clear };
};
variable AMInstabMt {
  type discrete [ 3 ] = { None, Weak, Strong };
};
variable InsInMt {
  type discrete [ 3 ] = { None, Weak, Strong };
};
variable WndHodograph {
  type discrete [ 4 ] = { DCVZFavor, StrongWest, Westerly, Other };
};
variable OutflowFrMt {
  type discrete [ 3 ] = { None, Weak, Strong };
};
variable MorningBound {
  type discrete [ 3 ] = { None, Weak, Strong };
};
variable Boundaries {
  type discrete [ 3 ] = { None, Weak, Strong };
};
variable CldShadeConv {
  type discrete [ 3 ] = { None, Some, Marked };
};
variable CompPlFcst {
  type discrete [ 3 ] = { IncCapDecIns, LittleChange, DecCapIncIns };
};
variable CapChange {
  type discrete [ 3 ] = { Decreasing, LittleChange, Increasing };
};
variable LoLevMoistAd {
  type discrete [ 4 ] = { StrongPos, WeakPos, Neutral, Negative };
};
variable InsChange {
  type discrete [ 3 ] = { Decreasing, LittleChange, Increasing };
};
variable MountainFcst {
  type discrete [ 3 ] = { XNIL, SIG, SVR };
};
variable Date {
  type discrete [ 6 ] = { May15_Jun14, Jun15_Jul1, Jul2_Jul15, Jul16_Aug10, Aug11_Aug20, Aug20_Sep15 };
};
variable Scenario {
  type discrete [ 11 ] = { A, B, C, D, E, F, G, H, I, J, K };
};
variable ScenRelAMCIN {
  type discrete [ 2 ] = { AB, CThruK };
};
variable MorningCIN {
  type discrete [ 4 ] = { None, PartInhibit, Stifling, TotalInhibit };
};
variable AMCINInScen {
  type discrete [ 3 ] = { LessThanAve, Average, MoreThanAve };
};
variable CapInScen {
  type discrete [ 3 ] = { LessThanAve, Average, MoreThanAve };
};
variable ScenRelAMIns {
  type discrete [ 6 ] = { ABI, CDEJ, F, G, H, K };
};
variable LIfr12ZDENSd {
  type discrete [ 4 ] = { LIGt0, N1GtLIGt_4, N5GtLIGt_8, LILt_8 };
};
variable AMDewptCalPl {
  type discrete [ 3 ] = { Instability, Neutral, Stability };
};
variable AMInsWliScen {
  type discrete [ 3 ] = { LessUnstable, Average, MoreUnstable };
};
variable InsSclInScen {
  type discrete [ 3 ] = { LessUnstable, Average, MoreUnstable };
};
variable ScenRel3_4 {
  type discrete [ 5 ] = { ACEFK, B, D, GJ, HI };
};
variable LatestCIN {
  type discrete [ 4 ] = { None, PartInhibit, Stifling, TotalInhibit };
};
variable LLIW {
  type discrete [ 4 ] = { Unfavorable, Weak, Moderate, Strong };
};
variable CurPropConv {
  type discrete [ 4 ] = { None, Slight, Moderate, Strong };
};
variable ScnRelPlFcst {
  type discrete [ 11 ] = { A, B, C, D, E, F, G, H, I, J, K };
};
variable PlainsFcst {
  type discrete [ 3 ] = { XNIL, SIG, SVR };
};
variable N34StarFcst {
  type discrete [ 3 ] = { XNIL, SIG, SVR };
};
variable R5Fcst {
  type discrete [ 3 ] = { XNIL, SIG, SVR };
};
variable Dewpoints {
  type discrete [ 7 ] = { LowEvrywhere, LowAtStation, LowSHighN, LowNHighS, LowMtsHighPl, HighEvrywher, Other };
};
variable LowLLapse {
  type discrete [ 4 ] = { CloseToDryAd, Steep, ModerateOrLe, Stable };
};
variable MeanRH {
  type discrete [ 3 ] = { VeryMoist, Average, Dry };
};
variable MidLLapse {
  type discrete [ 3 ] = { CloseToDryAd, Steep, ModerateOrLe };
};
variable MvmtFeatures {
  type discrete [ 4 ] = { StrongFront, MarkedUpper, OtherRapid, NoMajor };
};
variable RHRatio {
  type discrete [ 3 ] = { MoistMDryL, DryMMoistL, Other };
};
variable SfcWndShfDis {
  type discrete [ 7 ] = { DenvCyclone, E_W_N, E_W_S, MovingFtorOt, DryLine, None, Other };
};
variable SynForcng {
  type discrete [ 5 ] = { SigNegative, NegToPos, SigPositive, PosToNeg, LittleChange };
};
variable TempDis {
  type discrete [ 4 ] = { QStationary, Moving, None, Other };
};
variable WindAloft {
  type discrete [ 4 ] = { LV, SWQuad, NWQuad, AllElse };
};
variable WindFieldMt {
  type discrete [ 2 ] = { Westerly, LVorOther };
};
variable WindFieldPln {
  type discrete [ 6 ] = { LV, DenvCyclone, LongAnticyc, E_NE, SEQuad, WidespdDnsl };
};
probability ( N0_7muVerMo ) {
    table 0.258308, 0.251495, 0.241657, 0.248540;
};

probability ( SubjVertMo ) {
    table 0.148692, 0.148100, 0.501207, 0.202002;
};

probability ( QGVertMotion ) {
    table 0.146486, 0.151924, 0.491143, 0.210447;
};

probability ( CombVerMo | N0_7muVerMo, SubjVertMo, QGVertMotion ) {
    ( StrongUp, StronUp, StrongUp ) 0.972991, 0.008882, 0.009570, 0.008557;
    ( WeakUp, StronUp, StrongUp ) 0.875296, 0.108797, 0.007655, 0.008251;
    ( Neutral, StronUp, StrongUp ) 0.734516, 0.154619, 0.103544, 0.007321;
    ( Down, StronUp, StrongUp ) 0.176175, 0.439858, 0.299308, 0.084659;
    ( StrongUp, WeakUp, StrongUp ) 0.829360, 0.154415, 0.008645, 0.007580;
    ( WeakUp, WeakUp, StrongUp ) 0.643840, 0.337135, 0.009595, 0.009430;
    ( Neutral, WeakUp, StrongUp ) 0.158552, 0.674656, 0.155400, 0.011392;
    ( Down, WeakUp, StrongUp ) 0.107202, 0.352223, 0.433636, 0.106939;
    ( StrongUp, Neutral, StrongUp ) 0.694278, 0.232083, 0.070871, 0.002769;
    ( WeakUp, Neutral, StrongUp ) 0.132020, 0.692171, 0.173162, 0.002647;
    ( Neutral, Neutral, StrongUp ) 0.192512, 0.577087, 0.227931, 0.002469;
    ( Down, Neutral, StrongUp ) 0.115718, 0.232430, 0.555396, 0.096456;
    ( StrongUp, Down, StrongUp ) 0.305197, 0.424461, 0.165422, 0.104920;
    ( WeakUp, Down, StrongUp ) 0.182307, 0.296133, 0.431697, 0.089863;
    ( Neutral, Down, StrongUp ) 0.112429, 0.242845, 0.535582, 0.109146;
    ( Down, Down, StrongUp ) 0.106491, 0.063623, 0.243761, 0.586124;
    ( StrongUp, StronUp, WeakUp ) 0.881858, 0.100593, 0.009245, 0.008304;
    ( WeakUp, StronUp, WeakUp ) 0.678129, 0.305641, 0.007829, 0.008401;
    ( Neutral, StronUp, WeakUp ) 0.174188, 0.583653, 0.234533, 0.007627;
    ( Down, StronUp, WeakUp ) 0.089512, 0.309086, 0.490310, 0.111092;
    ( StrongUp, WeakUp, WeakUp ) 0.591043, 0.390182, 0.010069, 0.008706;
    ( WeakUp, WeakUp, WeakUp ) 0.007228, 0.978517, 0.007185, 0.007070;
    ( Neutral, WeakUp, WeakUp ) 0.008513, 0.656828, 0.326647, 0.008011;
    ( Down, WeakUp, WeakUp ) 0.008595, 0.214128, 0.634539, 0.142738;
    ( StrongUp, Neutral, WeakUp ) 0.159111, 0.672261, 0.165908, 0.002720;
    ( WeakUp, Neutral, WeakUp ) 0.002257, 0.700982, 0.294622, 0.002139;
    ( Neutral, Neutral, WeakUp ) 0.003118, 0.319850, 0.674199, 0.002833;
    ( Down, Neutral, WeakUp ) 0.002471, 0.127029, 0.490837, 0.379663;
    ( StrongUp, Down, WeakUp ) 0.124006, 0.324813, 0.414845, 0.136335;
    ( WeakUp, Down, WeakUp ) 0.006327, 0.227188, 0.607378, 0.159107;
    ( Neutral, Down, WeakUp ) 0.006176, 0.146146, 0.485093, 0.362586;
    ( Down, Down, WeakUp ) 0.006794, 0.112198, 0.178684, 0.702325;
    ( StrongUp, StronUp, Neutral ) 0.766807, 0.162625, 0.067971, 0.002597;
    ( WeakUp, StronUp, Neutral ) 0.161996, 0.682404, 0.152576, 0.003024;
    ( Neutral, StronUp, Neutral ) 0.134437, 0.578950, 0.283984, 0.002629;
    ( Down, StronUp, Neutral ) 0.105682, 0.177966, 0.607738, 0.108614;
    ( StrongUp, WeakUp, Neutral ) 0.104181, 0.752238, 0.140819, 0.002763;
    ( WeakUp, WeakUp, Neutral ) 0.002436, 0.759319, 0.235799, 0.002446;
    ( Neutral, WeakUp, Neutral ) 0.003057, 0.341444, 0.652538, 0.002961;
    ( Down, WeakUp, Neutral ) 0.002360, 0.177896, 0.513124, 0.306621;
    ( StrongUp, Neutral, Neutral ) 0.187492, 0.603622, 0.208083, 0.000802;
    ( WeakUp, Neutral, Neutral ) 0.000816, 0.286510, 0.711836, 0.000838;
    ( Neutral, Neutral, Neutral ) 0.000810, 0.000827, 0.997547, 0.000816;
    ( Down, Neutral, Neutral ) 0.000767, 0.000813, 0.682560, 0.315859;
    ( StrongUp, Down, Neutral ) 0.065237, 0.168540, 0.652656, 0.113567;
    ( WeakUp, Down, Neutral ) 0.001890, 0.171345, 0.483194, 0.343571;
    ( Neutral, Down, Neutral ) 0.002101, 0.002107, 0.686911, 0.308881;
    ( Down, Down, Neutral ) 0.001934, 0.001989, 0.315538, 0.680539;
    ( StrongUp, StronUp, Down ) 0.226219, 0.431944, 0.279103, 0.062733;
    ( WeakUp, StronUp, Down ) 0.119550, 0.364804, 0.400217, 0.115429;
    ( Neutral, StronUp, Down ) 0.053226, 0.202646, 0.674041, 0.070087;
    ( Down, StronUp, Down ) 0.109442, 0.061191, 0.270567, 0.558800;
    ( StrongUp, WeakUp, Down ) 0.087936, 0.303638, 0.490494, 0.117932;
    ( WeakUp, WeakUp, Down ) 0.005358, 0.194849, 0.709376, 0.090417;
    ( Neutral, WeakUp, Down ) 0.005590, 0.168198, 0.383061, 0.443151;
    ( Down, WeakUp, Down ) 0.006012, 0.112438, 0.187099, 0.694451;
    ( StrongUp, Neutral, Down ) 0.120970, 0.212616, 0.586813, 0.079601;
    ( WeakUp, Neutral, Down ) 0.001948, 0.182083, 0.375657, 0.440312;
    ( Neutral, Neutral, Down ) 0.001749, 0.001832, 0.715355, 0.281064;
    ( Down, Neutral, Down ) 0.001808, 0.001922, 0.331840, 0.664429;
    ( StrongUp, Down, Down ) 0.082527, 0.099700, 0.139283, 0.678491;
    ( WeakUp, Down, Down ) 0.004043, 0.090412, 0.162851, 0.742695;
    ( Neutral, Down, Down ) 0.003948, 0.003948, 0.379092, 0.613012;
    ( Down, Down, Down ) 0.004751, 0.004751, 0.005253, 0.985244;
};

probability ( AreaMeso_ALS | CombVerMo ) {
    ( StrongUp ) 0.998784, 0.000410, 0.000405, 0.000402;
    ( WeakUp ) 0.000174, 0.999483, 0.000174, 0.000171;
    ( Neutral ) 0.000107, 0.000108, 0.999678, 0.000108;
    ( Down ) 0.000262, 0.000263, 0.000266, 0.999209;
};

probability ( SatContMoist ) {
    table 0.154516, 0.199361, 0.400170, 0.245952;
};

probability ( RaoContMoist ) {
    table 0.154559, 0.200648, 0.398509, 0.246284;
};

probability ( CombMoisture | SatContMoist, RaoContMoist ) {
    ( VeryWet, VeryWet ) 0.892146, 0.104050, 0.001938, 0.001866;
    ( Wet, VeryWet ) 0.525165, 0.430998, 0.042324, 0.001512;
    ( Neutral, VeryWet ) 0.225844, 0.304668, 0.362860, 0.106627;
    ( Dry, VeryWet ) 0.219410, 0.308041, 0.225341, 0.247208;
    ( VeryWet, Wet ) 0.627083, 0.323814, 0.047719, 0.001385;
    ( Wet, Wet ) 0.131147, 0.600572, 0.204828, 0.063453;
    ( Neutral, Wet ) 0.099469, 0.327156, 0.513763, 0.059613;
    ( Dry, Wet ) 0.244755, 0.300252, 0.196023, 0.258970;
    ( VeryWet, Neutral ) 0.289650, 0.500806, 0.208736, 0.000808;
    ( Wet, Neutral ) 0.050273, 0.425254, 0.428561, 0.095913;
    ( Neutral, Neutral ) 0.000304, 0.158466, 0.680266, 0.160963;
    ( Dry, Neutral ) 0.255385, 0.232417, 0.255082, 0.257115;
    ( VeryWet, Dry ) 0.260747, 0.362689, 0.237360, 0.139203;
    ( Wet, Dry ) 0.126371, 0.310385, 0.285054, 0.278190;
    ( Neutral, Dry ) 0.000508, 0.109429, 0.349226, 0.540837;
    ( Dry, Dry ) 0.237398, 0.266385, 0.240203, 0.256015;
};

probability ( AreaMoDryAir | AreaMeso_ALS, CombMoisture ) {
    ( StrongUp, VeryWet ) 0.989667, 0.006351, 0.001999, 0.001983;
    ( WeakUp, VeryWet ) 0.789390, 0.208777, 0.000913, 0.000919;
    ( Neutral, VeryWet ) 0.709823, 0.276043, 0.013542, 0.000592;
    ( Down, VeryWet ) 0.253013, 0.703410, 0.042029, 0.001549;
    ( StrongUp, Wet ) 0.755418, 0.241813, 0.001405, 0.001364;
    ( WeakUp, Wet ) 0.326275, 0.574711, 0.098409, 0.000605;
    ( Neutral, Wet ) 0.187272, 0.602952, 0.209395, 0.000380;
    ( Down, Wet ) 0.066327, 0.365973, 0.443927, 0.123774;
    ( StrongUp, Neutral ) 0.225585, 0.517582, 0.247275, 0.009557;
    ( WeakUp, Neutral ) 0.012547, 0.380730, 0.548006, 0.058717;
    ( Neutral, Neutral ) 0.006341, 0.095130, 0.806291, 0.092239;
    ( Down, Neutral ) 0.000787, 0.054612, 0.513261, 0.431341;
    ( StrongUp, Dry ) 0.002469, 0.257897, 0.557744, 0.181890;
    ( WeakUp, Dry ) 0.000929, 0.025310, 0.446865, 0.526896;
    ( Neutral, Dry ) 0.000615, 0.000610, 0.278836, 0.719941;
    ( Down, Dry ) 0.001433, 0.001420, 0.010626, 0.986522;
};

probability ( VISCloudCov ) {
    table 0.104910, 0.496144, 0.398946;
};

probability ( IRCloudCover ) {
    table 0.149108, 0.447610, 0.403283;
};

probability ( CombClouds | VISCloudCov, IRCloudCover ) {
    ( Cloudy, Cloudy ) 0.948866, 0.048126, 0.003008;
    ( PC, Cloudy ) 0.463336, 0.501072, 0.035592;
    ( Clear, Cloudy ) 0.100098, 0.395801, 0.504101;
    ( Cloudy, PC ) 0.855934, 0.128330, 0.015736;
    ( PC, PC ) 0.089070, 0.812963, 0.097967;
    ( Clear, PC ) 0.026958, 0.263797, 0.709245;
    ( Cloudy, Clear ) 0.794736, 0.107700, 0.097564;
    ( PC, Clear ) 0.048879, 0.478660, 0.472461;
    ( Clear, Clear ) 0.000303, 0.017187, 0.982510;
};

probability ( CldShadeOth | AreaMoDryAir, AreaMeso_ALS, CombClouds ) {
    ( VeryWet, StrongUp, Cloudy ) 0.991292, 0.004362, 0.004346;
    ( Wet, StrongUp, Cloudy ) 0.928785, 0.062632, 0.008583;
    ( Neutral, StrongUp, Cloudy ) 0.940517, 0.045452, 0.014031;
    ( Dry, StrongUp, Cloudy ) 0.877367, 0.061318, 0.061315;
    ( VeryWet, WeakUp, Cloudy ) 0.903141, 0.092799, 0.004059;
    ( Wet, WeakUp, Cloudy ) 0.907031, 0.083374, 0.009595;
    ( Neutral, WeakUp, Cloudy ) 0.850318, 0.145789, 0.003893;
    ( Dry, WeakUp, Cloudy ) 0.595797, 0.396786, 0.007418;
    ( VeryWet, Neutral, Cloudy ) 0.949067, 0.046954, 0.003979;
    ( Wet, Neutral, Cloudy ) 0.800464, 0.196894, 0.002642;
    ( Neutral, Neutral, Cloudy ) 0.783449, 0.195806, 0.020745;
    ( Dry, Neutral, Cloudy ) 0.773236, 0.189091, 0.037672;
    ( VeryWet, Down, Cloudy ) 0.772458, 0.194098, 0.033444;
    ( Wet, Down, Cloudy ) 0.660720, 0.311393, 0.027886;
    ( Neutral, Down, Cloudy ) 0.558632, 0.415668, 0.025700;
    ( Dry, Down, Cloudy ) 0.433862, 0.545118, 0.021020;
    ( VeryWet, StrongUp, PC ) 0.875221, 0.122518, 0.002261;
    ( Wet, StrongUp, PC ) 0.667662, 0.320431, 0.011907;
    ( Neutral, StrongUp, PC ) 0.477429, 0.454080, 0.068491;
    ( Dry, StrongUp, PC ) 0.332555, 0.644698, 0.022747;
    ( VeryWet, WeakUp, PC ) 0.432953, 0.540982, 0.026066;
    ( Wet, WeakUp, PC ) 0.234248, 0.592118, 0.173635;
    ( Neutral, WeakUp, PC ) 0.145325, 0.785322, 0.069353;
    ( Dry, WeakUp, PC ) 0.020413, 0.928757, 0.050830;
    ( VeryWet, Neutral, PC ) 0.218387, 0.766759, 0.014854;
    ( Wet, Neutral, PC ) 0.009826, 0.888192, 0.101982;
    ( Neutral, Neutral, PC ) 0.019192, 0.871649, 0.109160;
    ( Dry, Neutral, PC ) 0.019471, 0.781253, 0.199276;
    ( VeryWet, Down, PC ) 0.008808, 0.491888, 0.499304;
    ( Wet, Down, PC ) 0.002630, 0.387598, 0.609772;
    ( Neutral, Down, PC ) 0.006912, 0.721622, 0.271466;
    ( Dry, Down, PC ) 0.049330, 0.662900, 0.287771;
    ( VeryWet, StrongUp, Clear ) 0.272465, 0.344384, 0.383151;
    ( Wet, StrongUp, Clear ) 0.143295, 0.411995, 0.444710;
    ( Neutral, StrongUp, Clear ) 0.112749, 0.457551, 0.429699;
    ( Dry, StrongUp, Clear ) 0.118093, 0.202723, 0.679185;
    ( VeryWet, WeakUp, Clear ) 0.055112, 0.484653, 0.460235;
    ( Wet, WeakUp, Clear ) 0.006249, 0.277832, 0.715919;
    ( Neutral, WeakUp, Clear ) 0.001228, 0.217883, 0.780888;
    ( Dry, WeakUp, Clear ) 0.003397, 0.126791, 0.869812;
    ( VeryWet, Neutral, Clear ) 0.012678, 0.268356, 0.718966;
    ( Wet, Neutral, Clear ) 0.001001, 0.124632, 0.874367;
    ( Neutral, Neutral, Clear ) 0.000610, 0.057435, 0.941955;
    ( Dry, Neutral, Clear ) 0.001531, 0.049116, 0.949353;
    ( VeryWet, Down, Clear ) 0.009262, 0.089796, 0.900942;
    ( Wet, Down, Clear ) 0.002584, 0.019620, 0.977796;
    ( Neutral, Down, Clear ) 0.001798, 0.009686, 0.988517;
    ( Dry, Down, Clear ) 0.004738, 0.001681, 0.993581;
};

probability ( AMInstabMt ) {
    table 0.329098, 0.338726, 0.332176;
};

probability ( InsInMt | CldShadeOth, AMInstabMt ) {
    ( Cloudy, None ) 0.877850, 0.121415, 0.000735;
    ( PC, None ) 0.604987, 0.381623, 0.013390;
    ( Clear, None ) 0.507957, 0.341798, 0.150244;
    ( Cloudy, Weak ) 0.003435, 0.391885, 0.604680;
    ( PC, Weak ) 0.000354, 0.396431, 0.603215;
    ( Clear, Weak ) 0.000348, 0.158588, 0.841064;
    ( Cloudy, Strong ) 0.000664, 0.044757, 0.954579;
    ( PC, Strong ) 0.000381, 0.000388, 0.999231;
    ( Clear, Strong ) 0.000341, 0.000341, 0.999317;
};

probability ( WndHodograph ) {
    table 0.299775, 0.250712, 0.246756, 0.202756;
};

probability ( OutflowFrMt | InsInMt, WndHodograph ) {
    ( None, DCVZFavor ) 0.998304, 0.000773, 0.000923;
    ( Weak, DCVZFavor ) 0.501680, 0.412525, 0.085795;
    ( Strong, DCVZFavor ) 0.044495, 0.446126, 0.509379;
    ( None, StrongWest ) 0.998187, 0.000946, 0.000867;
    ( Weak, StrongWest ) 0.163476, 0.391034, 0.445491;
    ( Strong, StrongWest ) 0.013614, 0.154633, 0.831753;
    ( None, Westerly ) 0.998059, 0.001018, 0.000923;
    ( Weak, Westerly ) 0.346355, 0.592087, 0.061559;
    ( Strong, Westerly ) 0.113209, 0.224889, 0.661902;
    ( None, Other ) 0.997671, 0.001154, 0.001174;
    ( Weak, Other ) 0.800394, 0.184147, 0.015459;
    ( Strong, Other ) 0.615804, 0.294088, 0.090108;
};

probability ( MorningBound ) {
    table 0.495169, 0.357911, 0.146921;
};

probability ( Boundaries | OutflowFrMt, WndHodograph, MorningBound ) {
    ( None, DCVZFavor, None ) 0.491120, 0.487421, 0.021459;
    ( Weak, DCVZFavor, None ) 0.280065, 0.643778, 0.076157;
    ( Strong, DCVZFavor, None ) 0.001006, 0.552861, 0.446133;
    ( None, StrongWest, None ) 0.739052, 0.227164, 0.033784;
    ( Weak, StrongWest, None ) 0.181684, 0.706870, 0.111446;
    ( Strong, StrongWest, None ) 0.000668, 0.515301, 0.484031;
    ( None, Westerly, None ) 0.791346, 0.196732, 0.011922;
    ( Weak, Westerly, None ) 0.157710, 0.711647, 0.130642;
    ( Strong, Westerly, None ) 0.000980, 0.692654, 0.306365;
    ( None, Other, None ) 0.725017, 0.249703, 0.025279;
    ( Weak, Other, None ) 0.410058, 0.517442, 0.072500;
    ( Strong, Other, None ) 0.008799, 0.793489, 0.197712;
    ( None, DCVZFavor, Weak ) 0.390916, 0.413078, 0.196006;
    ( Weak, DCVZFavor, Weak ) 0.106636, 0.512056, 0.381308;
    ( Strong, DCVZFavor, Weak ) 0.001489, 0.404181, 0.594330;
    ( None, StrongWest, Weak ) 0.490234, 0.415653, 0.094112;
    ( Weak, StrongWest, Weak ) 0.068831, 0.754124, 0.177045;
    ( Strong, StrongWest, Weak ) 0.000866, 0.398368, 0.600767;
    ( None, Westerly, Weak ) 0.355689, 0.503589, 0.140723;
    ( Weak, Westerly, Weak ) 0.064242, 0.771523, 0.164235;
    ( Strong, Westerly, Weak ) 0.001381, 0.492549, 0.506070;
    ( None, Other, Weak ) 0.272471, 0.595239, 0.132290;
    ( Weak, Other, Weak ) 0.239012, 0.643028, 0.117960;
    ( Strong, Other, Weak ) 0.031502, 0.419137, 0.549360;
    ( None, DCVZFavor, Strong ) 0.120216, 0.266380, 0.613404;
    ( Weak, DCVZFavor, Strong ) 0.025140, 0.234626, 0.740234;
    ( Strong, DCVZFavor, Strong ) 0.002978, 0.151597, 0.845425;
    ( None, StrongWest, Strong ) 0.271003, 0.384667, 0.344331;
    ( Weak, StrongWest, Strong ) 0.093797, 0.428190, 0.478013;
    ( Strong, StrongWest, Strong ) 0.002285, 0.199329, 0.798386;
    ( None, Westerly, Strong ) 0.237199, 0.381332, 0.381469;
    ( Weak, Westerly, Strong ) 0.056974, 0.482969, 0.460057;
    ( Strong, Westerly, Strong ) 0.003355, 0.205518, 0.791126;
    ( None, Other, Strong ) 0.039675, 0.358831, 0.601494;
    ( Weak, Other, Strong ) 0.073080, 0.288052, 0.638868;
    ( Strong, Other, Strong ) 0.029754, 0.098395, 0.871851;
};

probability ( CldShadeConv | InsInMt, WndHodograph ) {
    ( None, DCVZFavor ) 0.998384, 0.000852, 0.000765;
    ( Weak, DCVZFavor ) 0.324929, 0.584181, 0.090890;
    ( Strong, DCVZFavor ) 0.000271, 0.316270, 0.683460;
    ( None, StrongWest ) 0.998229, 0.000886, 0.000885;
    ( Weak, StrongWest ) 0.200350, 0.681206, 0.118445;
    ( Strong, StrongWest ) 0.000320, 0.197481, 0.802199;
    ( None, Westerly ) 0.998141, 0.000927, 0.000932;
    ( Weak, Westerly ) 0.515050, 0.445986, 0.038964;
    ( Strong, Westerly ) 0.095926, 0.495181, 0.408894;
    ( None, Other ) 0.997692, 0.001156, 0.001152;
    ( Weak, Other ) 0.777566, 0.209056, 0.013378;
    ( Strong, Other ) 0.508502, 0.387645, 0.103854;
};

probability ( CompPlFcst | Boundaries, CldShadeConv, AreaMeso_ALS, CldShadeOth ) {
    ( None, None, StrongUp, Cloudy ) 0.340302, 0.346079, 0.313619;
    ( Weak, None, StrongUp, Cloudy ) 0.399427, 0.375398, 0.225176;
    ( Strong, None, StrongUp, Cloudy ) 0.440823, 0.266045, 0.293132;
    ( None, Some, StrongUp, Cloudy ) 0.477474, 0.229198, 0.293328;
    ( Weak, Some, StrongUp, Cloudy ) 0.330414, 0.344461, 0.325125;
    ( Strong, Some, StrongUp, Cloudy ) 0.381946, 0.287467, 0.330586;
    ( None, Marked, StrongUp, Cloudy ) 0.516446, 0.331341, 0.152213;
    ( Weak, Marked, StrongUp, Cloudy ) 0.412652, 0.388659, 0.198690;
    ( Strong, Marked, StrongUp, Cloudy ) 0.256758, 0.409106, 0.334136;
    ( None, None, WeakUp, Cloudy ) 0.596873, 0.306594, 0.096533;
    ( Weak, None, WeakUp, Cloudy ) 0.445862, 0.249308, 0.304830;
    ( Strong, None, WeakUp, Cloudy ) 0.293233, 0.423963, 0.282803;
    ( None, Some, WeakUp, Cloudy ) 0.605748, 0.319177, 0.075074;
    ( Weak, Some, WeakUp, Cloudy ) 0.524658, 0.281557, 0.193785;
    ( Strong, Some, WeakUp, Cloudy ) 0.396952, 0.228684, 0.374363;
    ( None, Marked, WeakUp, Cloudy ) 0.655729, 0.303806, 0.040465;
    ( Weak, Marked, WeakUp, Cloudy ) 0.588337, 0.311025, 0.100638;
    ( Strong, Marked, WeakUp, Cloudy ) 0.438462, 0.341727, 0.219811;
    ( None, None, Neutral, Cloudy ) 0.644548, 0.329842, 0.025610;
    ( Weak, None, Neutral, Cloudy ) 0.524451, 0.258523, 0.217026;
    ( Strong, None, Neutral, Cloudy ) 0.588972, 0.179993, 0.231035;
    ( None, Some, Neutral, Cloudy ) 0.731612, 0.169970, 0.098417;
    ( Weak, Some, Neutral, Cloudy ) 0.565621, 0.316997, 0.117383;
    ( Strong, Some, Neutral, Cloudy ) 0.569890, 0.192423, 0.237686;
    ( None, Marked, Neutral, Cloudy ) 0.692385, 0.276655, 0.030961;
    ( Weak, Marked, Neutral, Cloudy ) 0.571029, 0.311960, 0.117011;
    ( Strong, Marked, Neutral, Cloudy ) 0.451363, 0.452275, 0.096362;
    ( None, None, Down, Cloudy ) 0.549702, 0.408999, 0.041299;
    ( Weak, None, Down, Cloudy ) 0.525016, 0.436231, 0.038753;
    ( Strong, None, Down, Cloudy ) 0.775461, 0.111442, 0.113097;
    ( None, Some, Down, Cloudy ) 0.519020, 0.449015, 0.031964;
    ( Weak, Some, Down, Cloudy ) 0.652224, 0.255828, 0.091947;
    ( Strong, Some, Down, Cloudy ) 0.333451, 0.544707, 0.121842;
    ( None, Marked, Down, Cloudy ) 0.560254, 0.335155, 0.104591;
    ( Weak, Marked, Down, Cloudy ) 0.638507, 0.249211, 0.112282;
    ( Strong, Marked, Down, Cloudy ) 0.671749, 0.224264, 0.103987;
    ( None, None, StrongUp, PC ) 0.056863, 0.347326, 0.595810;
    ( Weak, None, StrongUp, PC ) 0.008028, 0.399262, 0.592710;
    ( Strong, None, StrongUp, PC ) 0.026104, 0.200896, 0.773000;
    ( None, Some, StrongUp, PC ) 0.429677, 0.236639, 0.333683;
    ( Weak, Some, StrongUp, PC ) 0.083368, 0.299139, 0.617494;
    ( Strong, Some, StrongUp, PC ) 0.096069, 0.624476, 0.279455;
    ( None, Marked, StrongUp, PC ) 0.482604, 0.255747, 0.261649;
    ( Weak, Marked, StrongUp, PC ) 0.238830, 0.566285, 0.194885;
    ( Strong, Marked, StrongUp, PC ) 0.162443, 0.332357, 0.505200;
    ( None, None, WeakUp, PC ) 0.421754, 0.277373, 0.300873;
    ( Weak, None, WeakUp, PC ) 0.307128, 0.361978, 0.330893;
    ( Strong, None, WeakUp, PC ) 0.159237, 0.374174, 0.466589;
    ( None, Some, WeakUp, PC ) 0.340859, 0.384092, 0.275049;
    ( Weak, Some, WeakUp, PC ) 0.405942, 0.353803, 0.240255;
    ( Strong, Some, WeakUp, PC ) 0.199716, 0.437978, 0.362307;
    ( None, Marked, WeakUp, PC ) 0.686009, 0.153255, 0.160735;
    ( Weak, Marked, WeakUp, PC ) 0.438024, 0.377309, 0.184667;
    ( Strong, Marked, WeakUp, PC ) 0.332726, 0.418521, 0.248753;
    ( None, None, Neutral, PC ) 0.467438, 0.409658, 0.122904;
    ( Weak, None, Neutral, PC ) 0.381018, 0.406580, 0.212402;
    ( Strong, None, Neutral, PC ) 0.277372, 0.403746, 0.318882;
    ( None, Some, Neutral, PC ) 0.453275, 0.426326, 0.120398;
    ( Weak, Some, Neutral, PC ) 0.454577, 0.405081, 0.140342;
    ( Strong, Some, Neutral, PC ) 0.370792, 0.413884, 0.215324;
    ( None, Marked, Neutral, PC ) 0.628590, 0.262683, 0.108727;
    ( Weak, Marked, Neutral, PC ) 0.549447, 0.297499, 0.153054;
    ( Strong, Marked, Neutral, PC ) 0.401373, 0.376264, 0.222363;
    ( None, None, Down, PC ) 0.638146, 0.314868, 0.046986;
    ( Weak, None, Down, PC ) 0.602807, 0.287489, 0.109704;
    ( Strong, None, Down, PC ) 0.434192, 0.292019, 0.273789;
    ( None, Some, Down, PC ) 0.703055, 0.233987, 0.062959;
    ( Weak, Some, Down, PC ) 0.574051, 0.301284, 0.124665;
    ( Strong, Some, Down, PC ) 0.510133, 0.299211, 0.190656;
    ( None, Marked, Down, PC ) 0.860582, 0.106737, 0.032682;
    ( Weak, Marked, Down, PC ) 0.748192, 0.184152, 0.067656;
    ( Strong, Marked, Down, PC ) 0.699888, 0.248985, 0.051126;
    ( None, None, StrongUp, Clear ) 0.121827, 0.333347, 0.544826;
    ( Weak, None, StrongUp, Clear ) 0.043295, 0.250212, 0.706493;
    ( Strong, None, StrongUp, Clear ) 0.121175, 0.288095, 0.590730;
    ( None, Some, StrongUp, Clear ) 0.390923, 0.164956, 0.444122;
    ( Weak, Some, StrongUp, Clear ) 0.095593, 0.233441, 0.670966;
    ( Strong, Some, StrongUp, Clear ) 0.068183, 0.376653, 0.555164;
    ( None, Marked, StrongUp, Clear ) 0.287926, 0.404954, 0.307120;
    ( Weak, Marked, StrongUp, Clear ) 0.142778, 0.378553, 0.478669;
    ( Strong, Marked, StrongUp, Clear ) 0.219590, 0.219580, 0.560831;
    ( None, None, WeakUp, Clear ) 0.193055, 0.541919, 0.265026;
    ( Weak, None, WeakUp, Clear ) 0.118454, 0.533782, 0.347764;
    ( Strong, None, WeakUp, Clear ) 0.096371, 0.272897, 0.630732;
    ( None, Some, WeakUp, Clear ) 0.290060, 0.562354, 0.147587;
    ( Weak, Some, WeakUp, Clear ) 0.173701, 0.491483, 0.334816;
    ( Strong, Some, WeakUp, Clear ) 0.165431, 0.371363, 0.463207;
    ( None, Marked, WeakUp, Clear ) 0.411899, 0.366824, 0.221278;
    ( Weak, Marked, WeakUp, Clear ) 0.292370, 0.522169, 0.185462;
    ( Strong, Marked, WeakUp, Clear ) 0.177322, 0.413758, 0.408920;
    ( None, None, Neutral, Clear ) 0.239528, 0.453780, 0.306692;
    ( Weak, None, Neutral, Clear ) 0.179264, 0.418908, 0.401828;
    ( Strong, None, Neutral, Clear ) 0.117456, 0.444306, 0.438238;
    ( None, Some, Neutral, Clear ) 0.302261, 0.426749, 0.270990;
    ( Weak, Some, Neutral, Clear ) 0.263522, 0.455664, 0.280814;
    ( Strong, Some, Neutral, Clear ) 0.181654, 0.469565, 0.348781;
    ( None, Marked, Neutral, Clear ) 0.552108, 0.363859, 0.084033;
    ( Weak, Marked, Neutral, Clear ) 0.466431, 0.286909, 0.246660;
    ( Strong, Marked, Neutral, Clear ) 0.380060, 0.411079, 0.208862;
    ( None, None, Down, Clear ) 0.600606, 0.357393, 0.042001;
    ( Weak, None, Down, Clear ) 0.661874, 0.218828, 0.119298;
    ( Strong, None, Down, Clear ) 0.432633, 0.354855, 0.212512;
    ( None, Some, Down, Clear ) 0.629122, 0.319232, 0.051646;
    ( Weak, Some, Down, Clear ) 0.633014, 0.324723, 0.042263;
    ( Strong, Some, Down, Clear ) 0.495467, 0.396381, 0.108152;
    ( None, Marked, Down, Clear ) 0.879260, 0.107000, 0.013740;
    ( Weak, Marked, Down, Clear ) 0.674333, 0.252541, 0.073126;
    ( Strong, Marked, Down, Clear ) 0.575576, 0.321070, 0.103354;
};

probability ( CapChange | CompPlFcst ) {
    ( IncCapDecIns ) 0.000117, 0.000117, 0.999766;
    ( LittleChange ) 0.000131, 0.999740, 0.000129;
    ( DecCapIncIns ) 0.999592, 0.000204, 0.000203;
};

probability ( LoLevMoistAd ) {
    table 0.126891, 0.281309, 0.293907, 0.297893;
};

probability ( InsChange | LoLevMoistAd, CompPlFcst ) {
    ( StrongPos, IncCapDecIns ) 0.000965, 0.061766, 0.937270;
    ( WeakPos, IncCapDecIns ) 0.047590, 0.164183, 0.788227;
    ( Neutral, IncCapDecIns ) 0.133295, 0.496532, 0.370172;
    ( Negative, IncCapDecIns ) 0.513485, 0.387480, 0.099035;
    ( StrongPos, LittleChange ) 0.000962, 0.111611, 0.887427;
    ( WeakPos, LittleChange ) 0.100433, 0.409429, 0.490138;
    ( Neutral, LittleChange ) 0.188950, 0.601806, 0.209245;
    ( Negative, LittleChange ) 0.812747, 0.145377, 0.041875;
    ( StrongPos, DecCapIncIns ) 0.050384, 0.117538, 0.832079;
    ( WeakPos, DecCapIncIns ) 0.222692, 0.524938, 0.252370;
    ( Neutral, DecCapIncIns ) 0.366626, 0.498229, 0.135144;
    ( Negative, DecCapIncIns ) 0.888922, 0.102644, 0.008435;
};

probability ( MountainFcst | InsInMt ) {
    ( None ) 0.999549, 0.000226, 0.000225;
    ( Weak ) 0.474432, 0.507486, 0.018082;
    ( Strong ) 0.197117, 0.509045, 0.293838;
};

probability ( Date ) {
    table 0.253613, 0.127373, 0.104103, 0.214337, 0.074003, 0.226569;
};

probability ( Scenario | Date ) {
    ( May15_Jun14 ) 0.097575, 0.156728, 0.107484, 0.088931, 0.078334, 0.011806, 0.080574, 0.097161, 0.090270, 0.026086, 0.165050;
    ( Jun15_Jul1 ) 0.040823, 0.159511, 0.093566, 0.102859, 0.125420, 0.015500, 0.126585, 0.054524, 0.077554, 0.104913, 0.098745;
    ( Jul2_Jul15 ) 0.033420, 0.109400, 0.095075, 0.082038, 0.165014, 0.031607, 0.143034, 0.039394, 0.071464, 0.142783, 0.086771;
    ( Jul16_Aug10 ) 0.040820, 0.131871, 0.091411, 0.064999, 0.201214, 0.077959, 0.060124, 0.049988, 0.075992, 0.123717, 0.081904;
    ( Aug11_Aug20 ) 0.045567, 0.126299, 0.118591, 0.070188, 0.157874, 0.045750, 0.091139, 0.051216, 0.083956, 0.127075, 0.082346;
    ( Aug20_Sep15 ) 0.047108, 0.107292, 0.103386, 0.084761, 0.105157, 0.020388, 0.104565, 0.070615, 0.080859, 0.106348, 0.169520;
};

probability ( ScenRelAMCIN | Scenario ) {
    ( A ) 0.999165, 0.000835;
    ( B ) 0.999648, 0.000352;
    ( C ) 0.000462, 0.999538;
    ( D ) 0.000563, 0.999437;
    ( E ) 0.000353, 0.999647;
    ( F ) 0.001408, 0.998592;
    ( G ) 0.000493, 0.999507;
    ( H ) 0.000708, 0.999292;
    ( I ) 0.000577, 0.999423;
    ( J ) 0.000492, 0.999508;
    ( K ) 0.000371, 0.999629;
};

probability ( MorningCIN ) {
    table 0.149627, 0.569409, 0.201630, 0.079334;
};

probability ( AMCINInScen | ScenRelAMCIN, MorningCIN ) {
    ( AB, None ) 0.996840, 0.001582, 0.001578;
    ( CThruK, None ) 0.733152, 0.266449, 0.000397;
    ( AB, PartInhibit ) 0.588854, 0.384314, 0.026831;
    ( CThruK, PartInhibit ) 0.305098, 0.592280, 0.102622;
    ( AB, Stifling ) 0.230651, 0.502007, 0.267341;
    ( CThruK, Stifling ) 0.012180, 0.398245, 0.589576;
    ( AB, TotalInhibit ) 0.003027, 0.095991, 0.900982;
    ( CThruK, TotalInhibit ) 0.000735, 0.034447, 0.964817;
};

probability ( CapInScen | AMCINInScen, CapChange ) {
    ( LessThanAve, Decreasing ) 0.998732, 0.000635, 0.000634;
    ( Average, Decreasing ) 0.734878, 0.264664, 0.000458;
    ( MoreThanAve, Decreasing ) 0.287328, 0.364416, 0.348256;
    ( LessThanAve, LittleChange ) 0.979334, 0.020281, 0.000384;
    ( Average, LittleChange ) 0.035210, 0.929986, 0.034804;
    ( MoreThanAve, LittleChange ) 0.000540, 0.026756, 0.972704;
    ( LessThanAve, Increasing ) 0.330464, 0.374381, 0.295155;
    ( Average, Increasing ) 0.000266, 0.243125, 0.756609;
    ( MoreThanAve, Increasing ) 0.000510, 0.000519, 0.998971;
};

probability ( ScenRelAMIns | Scenario ) {
    ( A ) 0.995860, 0.000829, 0.000828, 0.000829, 0.000827, 0.000828;
    ( B ) 0.998263, 0.000348, 0.000347, 0.000347, 0.000347, 0.000347;
    ( C ) 0.000461, 0.997700, 0.000461, 0.000460, 0.000460, 0.000459;
    ( D ) 0.000566, 0.997168, 0.000567, 0.000568, 0.000566, 0.000566;
    ( E ) 0.000356, 0.998218, 0.000356, 0.000357, 0.000357, 0.000356;
    ( F ) 0.001404, 0.001407, 0.992944, 0.001404, 0.001419, 0.001422;
    ( G ) 0.000490, 0.000489, 0.000490, 0.997551, 0.000491, 0.000490;
    ( H ) 0.000700, 0.000700, 0.000700, 0.000703, 0.996496, 0.000701;
    ( I ) 0.997137, 0.000572, 0.000571, 0.000574, 0.000572, 0.000573;
    ( J ) 0.000494, 0.997535, 0.000493, 0.000492, 0.000493, 0.000493;
    ( K ) 0.000369, 0.000369, 0.000369, 0.000369, 0.000369, 0.998156;
};

probability ( LIfr12ZDENSd ) {
    table 0.098173, 0.527281, 0.296117, 0.078430;
};

probability ( AMDewptCalPl ) {
    table 0.293244, 0.251600, 0.455156;
};

probability ( AMInsWliScen | ScenRelAMIns, LIfr12ZDENSd, AMDewptCalPl ) {
    ( ABI, LIGt0, Instability ) 0.545893, 0.319394, 0.134713;
    ( CDEJ, LIGt0, Instability ) 0.387070, 0.270842, 0.342088;
    ( F, LIGt0, Instability ) 0.270003, 0.377993, 0.352004;
    ( G, LIGt0, Instability ) 0.298946, 0.393765, 0.307289;
    ( H, LIGt0, Instability ) 0.384663, 0.541856, 0.073481;
    ( K, LIGt0, Instability ) 0.322811, 0.564054, 0.113135;
    ( ABI, N1GtLIGt_4, Instability ) 0.319757, 0.295025, 0.385219;
    ( CDEJ, N1GtLIGt_4, Instability ) 0.153951, 0.297487, 0.548563;
    ( F, N1GtLIGt_4, Instability ) 0.149272, 0.311364, 0.539365;
    ( G, N1GtLIGt_4, Instability ) 0.143360, 0.326111, 0.530529;
    ( H, N1GtLIGt_4, Instability ) 0.077569, 0.274008, 0.648423;
    ( K, N1GtLIGt_4, Instability ) 0.086503, 0.363357, 0.550140;
    ( ABI, N5GtLIGt_8, Instability ) 0.077652, 0.240078, 0.682270;
    ( CDEJ, N5GtLIGt_8, Instability ) 0.026185, 0.163852, 0.809964;
    ( F, N5GtLIGt_8, Instability ) 0.018857, 0.019566, 0.961577;
    ( G, N5GtLIGt_8, Instability ) 0.080976, 0.237111, 0.681912;
    ( H, N5GtLIGt_8, Instability ) 0.043790, 0.186134, 0.770076;
    ( K, N5GtLIGt_8, Instability ) 0.059140, 0.184394, 0.756466;
    ( ABI, LILt_8, Instability ) 0.008256, 0.081377, 0.910367;
    ( CDEJ, LILt_8, Instability ) 0.027908, 0.059277, 0.912815;
    ( F, LILt_8, Instability ) 0.051871, 0.051871, 0.896258;
    ( G, LILt_8, Instability ) 0.067699, 0.072806, 0.859495;
    ( H, LILt_8, Instability ) 0.031771, 0.174485, 0.793744;
    ( K, LILt_8, Instability ) 0.019030, 0.144314, 0.836655;
    ( ABI, LIGt0, Neutral ) 0.848976, 0.124246, 0.026778;
    ( CDEJ, LIGt0, Neutral ) 0.656306, 0.260126, 0.083568;
    ( F, LIGt0, Neutral ) 0.561700, 0.390990, 0.047310;
    ( G, LIGt0, Neutral ) 0.561066, 0.386297, 0.052637;
    ( H, LIGt0, Neutral ) 0.670547, 0.167454, 0.161999;
    ( K, LIGt0, Neutral ) 0.396903, 0.552358, 0.050739;
    ( ABI, N1GtLIGt_4, Neutral ) 0.472380, 0.282838, 0.244782;
    ( CDEJ, N1GtLIGt_4, Neutral ) 0.233259, 0.516262, 0.250479;
    ( F, N1GtLIGt_4, Neutral ) 0.186298, 0.654050, 0.159652;
    ( G, N1GtLIGt_4, Neutral ) 0.174879, 0.634405, 0.190716;
    ( H, N1GtLIGt_4, Neutral ) 0.207959, 0.415211, 0.376830;
    ( K, N1GtLIGt_4, Neutral ) 0.242451, 0.519715, 0.237834;
    ( ABI, N5GtLIGt_8, Neutral ) 0.163214, 0.448794, 0.387993;
    ( CDEJ, N5GtLIGt_8, Neutral ) 0.216047, 0.309107, 0.474846;
    ( F, N5GtLIGt_8, Neutral ) 0.058456, 0.454108, 0.487436;
    ( G, N5GtLIGt_8, Neutral ) 0.136715, 0.522345, 0.340941;
    ( H, N5GtLIGt_8, Neutral ) 0.026667, 0.324024, 0.649308;
    ( K, N5GtLIGt_8, Neutral ) 0.104990, 0.405544, 0.489466;
    ( ABI, LILt_8, Neutral ) 0.007685, 0.144037, 0.848278;
    ( CDEJ, LILt_8, Neutral ) 0.016865, 0.142179, 0.840956;
    ( F, LILt_8, Neutral ) 0.068690, 0.068716, 0.862594;
    ( G, LILt_8, Neutral ) 0.074271, 0.293737, 0.631991;
    ( H, LILt_8, Neutral ) 0.027563, 0.149473, 0.822964;
    ( K, LILt_8, Neutral ) 0.065728, 0.165666, 0.768606;
    ( ABI, LIGt0, Stability ) 0.931606, 0.057281, 0.011113;
    ( CDEJ, LIGt0, Stability ) 0.862548, 0.097292, 0.040160;
    ( F, LIGt0, Stability ) 0.729604, 0.174384, 0.096013;
    ( G, LIGt0, Stability ) 0.714231, 0.250769, 0.035000;
    ( H, LIGt0, Stability ) 0.538441, 0.445560, 0.016000;
    ( K, LIGt0, Stability ) 0.465251, 0.399625, 0.135124;
    ( ABI, N1GtLIGt_4, Stability ) 0.766258, 0.186607, 0.047134;
    ( CDEJ, N1GtLIGt_4, Stability ) 0.605876, 0.304166, 0.089958;
    ( F, N1GtLIGt_4, Stability ) 0.521220, 0.409466, 0.069314;
    ( G, N1GtLIGt_4, Stability ) 0.124185, 0.694082, 0.181733;
    ( H, N1GtLIGt_4, Stability ) 0.460251, 0.421610, 0.118139;
    ( K, N1GtLIGt_4, Stability ) 0.313971, 0.536919, 0.149110;
    ( ABI, N5GtLIGt_8, Stability ) 0.527953, 0.397077, 0.074970;
    ( CDEJ, N5GtLIGt_8, Stability ) 0.449779, 0.404728, 0.145493;
    ( F, N5GtLIGt_8, Stability ) 0.346572, 0.466101, 0.187327;
    ( G, N5GtLIGt_8, Stability ) 0.107595, 0.713830, 0.178575;
    ( H, N5GtLIGt_8, Stability ) 0.122957, 0.408925, 0.468117;
    ( K, N5GtLIGt_8, Stability ) 0.165893, 0.301877, 0.532230;
    ( ABI, LILt_8, Stability ) 0.365608, 0.306612, 0.327780;
    ( CDEJ, LILt_8, Stability ) 0.293170, 0.277891, 0.428939;
    ( F, LILt_8, Stability ) 0.042320, 0.502958, 0.454721;
    ( G, LILt_8, Stability ) 0.102037, 0.206442, 0.691521;
    ( H, LILt_8, Stability ) 0.162796, 0.345987, 0.491217;
    ( K, LILt_8, Stability ) 0.067070, 0.351605, 0.581325;
};

probability ( InsSclInScen | AMInsWliScen, InsChange ) {
    ( LessUnstable, Decreasing ) 0.999050, 0.000491, 0.000458;
    ( Average, Decreasing ) 0.553042, 0.446480, 0.000478;
    ( MoreUnstable, Decreasing ) 0.235695, 0.356960, 0.407345;
    ( LessUnstable, LittleChange ) 0.902564, 0.097008, 0.000428;
    ( Average, LittleChange ) 0.147911, 0.699289, 0.152800;
    ( MoreUnstable, LittleChange ) 0.000444, 0.102831, 0.896725;
    ( LessUnstable, Increasing ) 0.387027, 0.348041, 0.264932;
    ( Average, Increasing ) 0.000394, 0.389598, 0.610009;
    ( MoreUnstable, Increasing ) 0.000435, 0.000438, 0.999126;
};

probability ( ScenRel3_4 | Scenario ) {
    ( A ) 0.996692, 0.000827, 0.000827, 0.000827, 0.000827;
    ( B ) 0.000349, 0.998602, 0.000349, 0.000349, 0.000349;
    ( C ) 0.998157, 0.000461, 0.000461, 0.000461, 0.000461;
    ( D ) 0.000565, 0.000565, 0.997741, 0.000565, 0.000565;
    ( E ) 0.998585, 0.000354, 0.000354, 0.000354, 0.000353;
    ( F ) 0.994360, 0.001411, 0.001410, 0.001410, 0.001410;
    ( G ) 0.000494, 0.000494, 0.000495, 0.998023, 0.000494;
    ( H ) 0.000709, 0.000706, 0.000710, 0.000709, 0.997165;
    ( I ) 0.000574, 0.000575, 0.000574, 0.000574, 0.997702;
    ( J ) 0.000493, 0.000492, 0.000493, 0.998029, 0.000492;
    ( K ) 0.998522, 0.000370, 0.000369, 0.000369, 0.000370;
};

probability ( LatestCIN ) {
    table 0.404486, 0.399072, 0.148430, 0.048014;
};

probability ( LLIW ) {
    table 0.125943, 0.311713, 0.380806, 0.181538;
};

probability ( CurPropConv | LatestCIN, LLIW ) {
    ( None, Unfavorable ) 0.694934, 0.283533, 0.020624, 0.000908;
    ( PartInhibit, Unfavorable ) 0.884663, 0.105048, 0.009335, 0.000954;
    ( Stifling, Unfavorable ) 0.944476, 0.051086, 0.002212, 0.002227;
    ( TotalInhibit, Unfavorable ) 0.968588, 0.010973, 0.010266, 0.010174;
    ( None, Weak ) 0.115148, 0.481625, 0.299817, 0.103410;
    ( PartInhibit, Weak ) 0.624408, 0.263294, 0.102784, 0.009514;
    ( Stifling, Weak ) 0.752037, 0.215925, 0.031039, 0.000999;
    ( TotalInhibit, Weak ) 0.936098, 0.057853, 0.003024, 0.003025;
    ( None, Moderate ) 0.010563, 0.147458, 0.330965, 0.511014;
    ( PartInhibit, Moderate ) 0.245999, 0.345399, 0.316133, 0.092469;
    ( Stifling, Moderate ) 0.409714, 0.392058, 0.173900, 0.024327;
    ( TotalInhibit, Moderate ) 0.752420, 0.205799, 0.039341, 0.002440;
    ( None, Strong ) 0.000645, 0.020911, 0.177574, 0.800870;
    ( PartInhibit, Strong ) 0.010591, 0.150583, 0.335796, 0.503030;
    ( Stifling, Strong ) 0.234131, 0.311514, 0.325889, 0.128466;
    ( TotalInhibit, Strong ) 0.392061, 0.441620, 0.083463, 0.082856;
};

probability ( ScnRelPlFcst | Scenario ) {
    ( A ) 0.991797, 0.000822, 0.000822, 0.000819, 0.000819, 0.000818, 0.000821, 0.000818, 0.000824, 0.000821, 0.000819;
    ( B ) 0.000348, 0.996519, 0.000348, 0.000348, 0.000348, 0.000349, 0.000348, 0.000348, 0.000348, 0.000348, 0.000348;
    ( C ) 0.000459, 0.000459, 0.995400, 0.000460, 0.000460, 0.000460, 0.000461, 0.000461, 0.000460, 0.000461, 0.000460;
    ( D ) 0.000560, 0.000563, 0.000562, 0.994386, 0.000561, 0.000562, 0.000560, 0.000561, 0.000561, 0.000563, 0.000562;
    ( E ) 0.000353, 0.000352, 0.000352, 0.000353, 0.996475, 0.000353, 0.000352, 0.000353, 0.000352, 0.000353, 0.000353;
    ( F ) 0.001389, 0.001391, 0.001394, 0.001394, 0.001394, 0.986067, 0.001392, 0.001396, 0.001393, 0.001395, 0.001396;
