// Bayesian Network (Learned via EM)

variable N0_7muVerMo {
  type discrete [ 4 ] = { StrongUp, WeakUp, Neutral, Down };
};
variable SubjVertMo {
  type discrete [ 4 ] = { StronUp, WeakUp, Neutral, Down };
};
variable QGVertMotion {
  type discrete [ 4 ] = { StrongUp, WeakUp, Neutral, Down };
};
variable CombVerMo {
  type discrete [ 4 ] = { StrongUp, WeakUp, Neutral, Down };
};
variable AreaMeso_ALS {
  type discrete [ 4 ] = { StrongUp, WeakUp, Neutral, Down };
};
variable SatContMoist {
  type discrete [ 4 ] = { VeryWet, Wet, Neutral, Dry };
};
variable RaoContMoist {
  type discrete [ 4 ] = { VeryWet, Wet, Neutral, Dry };
};
variable CombMoisture {
  type discrete [ 4 ] = { VeryWet, Wet, Neutral, Dry };
};
variable AreaMoDryAir {
  type discrete [ 4 ] = { VeryWet, Wet, Neutral, Dry };
};
variable VISCloudCov {
  type discrete [ 3 ] = { Cloudy, PC, Clear };
};
variable IRCloudCover {
  type discrete [ 3 ] = { Cloudy, PC, Clear };
};
variable CombClouds {
  type discrete [ 3 ] = { Cloudy, PC, Clear };
};
variable CldShadeOth {
  type discrete [ 3 ] = { Cloudy, PC, Clear };
};
variable AMInstabMt {
  type discrete [ 3 ] = { None, Weak, Strong };
};
variable InsInMt {
  type discrete [ 3 ] = { None, Weak, Strong };
};
variable WndHodograph {
  type discrete [ 4 ] = { DCVZFavor, StrongWest, Westerly, Other };
};
variable OutflowFrMt {
  type discrete [ 3 ] = { None, Weak, Strong };
};
variable MorningBound {
  type discrete [ 3 ] = { None, Weak, Strong };
};
variable Boundaries {
  type discrete [ 3 ] = { None, Weak, Strong };
};
variable CldShadeConv {
  type discrete [ 3 ] = { None, Some, Marked };
};
variable CompPlFcst {
  type discrete [ 3 ] = { IncCapDecIns, LittleChange, DecCapIncIns };
};
variable CapChange {
  type discrete [ 3 ] = { Decreasing, LittleChange, Increasing };
};
variable LoLevMoistAd {
  type discrete [ 4 ] = { StrongPos, WeakPos, Neutral, Negative };
};
variable InsChange {
  type discrete [ 3 ] = { Decreasing, LittleChange, Increasing };
};
variable MountainFcst {
  type discrete [ 3 ] = { XNIL, SIG, SVR };
};
variable Date {
  type discrete [ 6 ] = { May15_Jun14, Jun15_Jul1, Jul2_Jul15, Jul16_Aug10, Aug11_Aug20, Aug20_Sep15 };
};
variable Scenario {
  type discrete [ 11 ] = { A, B, C, D, E, F, G, H, I, J, K };
};
variable ScenRelAMCIN {
  type discrete [ 2 ] = { AB, CThruK };
};
variable MorningCIN {
  type discrete [ 4 ] = { None, PartInhibit, Stifling, TotalInhibit };
};
variable AMCINInScen {
  type discrete [ 3 ] = { LessThanAve, Average, MoreThanAve };
};
variable CapInScen {
  type discrete [ 3 ] = { LessThanAve, Average, MoreThanAve };
};
variable ScenRelAMIns {
  type discrete [ 6 ] = { ABI, CDEJ, F, G, H, K };
};
variable LIfr12ZDENSd {
  type discrete [ 4 ] = { LIGt0, N1GtLIGt_4, N5GtLIGt_8, LILt_8 };
};
variable AMDewptCalPl {
  type discrete [ 3 ] = { Instability, Neutral, Stability };
};
variable AMInsWliScen {
  type discrete [ 3 ] = { LessUnstable, Average, MoreUnstable };
};
variable InsSclInScen {
  type discrete [ 3 ] = { LessUnstable, Average, MoreUnstable };
};
variable ScenRel3_4 {
  type discrete [ 5 ] = { ACEFK, B, D, GJ, HI };
};
variable LatestCIN {
  type discrete [ 4 ] = { None, PartInhibit, Stifling, TotalInhibit };
};
variable LLIW {
  type discrete [ 4 ] = { Unfavorable, Weak, Moderate, Strong };
};
variable CurPropConv {
  type discrete [ 4 ] = { None, Slight, Moderate, Strong };
};
variable ScnRelPlFcst {
  type discrete [ 11 ] = { A, B, C, D, E, F, G, H, I, J, K };
};
variable PlainsFcst {
  type discrete [ 3 ] = { XNIL, SIG, SVR };
};
variable N34StarFcst {
  type discrete [ 3 ] = { XNIL, SIG, SVR };
};
variable R5Fcst {
  type discrete [ 3 ] = { XNIL, SIG, SVR };
};
variable Dewpoints {
  type discrete [ 7 ] = { LowEvrywhere, LowAtStation, LowSHighN, LowNHighS, LowMtsHighPl, HighEvrywher, Other };
};
variable LowLLapse {
  type discrete [ 4 ] = { CloseToDryAd, Steep, ModerateOrLe, Stable };
};
variable MeanRH {
  type discrete [ 3 ] = { VeryMoist, Average, Dry };
};
variable MidLLapse {
  type discrete [ 3 ] = { CloseToDryAd, Steep, ModerateOrLe };
};
variable MvmtFeatures {
  type discrete [ 4 ] = { StrongFront, MarkedUpper, OtherRapid, NoMajor };
};
variable RHRatio {
  type discrete [ 3 ] = { MoistMDryL, DryMMoistL, Other };
};
variable SfcWndShfDis {
  type discrete [ 7 ] = { DenvCyclone, E_W_N, E_W_S, MovingFtorOt, DryLine, None, Other };
};
variable SynForcng {
  type discrete [ 5 ] = { SigNegative, NegToPos, SigPositive, PosToNeg, LittleChange };
};
variable TempDis {
  type discrete [ 4 ] = { QStationary, Moving, None, Other };
};
variable WindAloft {
  type discrete [ 4 ] = { LV, SWQuad, NWQuad, AllElse };
};
variable WindFieldMt {
  type discrete [ 2 ] = { Westerly, LVorOther };
};
variable WindFieldPln {
  type discrete [ 6 ] = { LV, DenvCyclone, LongAnticyc, E_NE, SEQuad, WidespdDnsl };
};
probability ( N0_7muVerMo ) {
    table 0.258319, 0.251489, 0.241648, 0.248544;
};

probability ( SubjVertMo ) {
    table 0.148691, 0.148081, 0.501226, 0.202003;
};

probability ( QGVertMotion ) {
    table 0.146474, 0.151900, 0.491156, 0.210468;
};

probability ( CombVerMo | N0_7muVerMo, SubjVertMo, QGVertMotion ) {
    ( StrongUp, StronUp, StrongUp ) 0.993942, 0.001988, 0.002157, 0.001913;
    ( WeakUp, StronUp, StrongUp ) 0.891096, 0.105331, 0.001706, 0.001867;
    ( Neutral, StronUp, StrongUp ) 0.745988, 0.152300, 0.100082, 0.001629;
    ( Down, StronUp, StrongUp ) 0.174549, 0.444175, 0.300385, 0.080892;
    ( StrongUp, WeakUp, StrongUp ) 0.844469, 0.151900, 0.001942, 0.001689;
    ( WeakUp, WeakUp, StrongUp ) 0.655973, 0.339764, 0.002151, 0.002112;
    ( Neutral, WeakUp, StrongUp ) 0.155159, 0.690283, 0.151987, 0.002571;
    ( Down, WeakUp, StrongUp ) 0.103032, 0.355153, 0.439032, 0.102783;
    ( StrongUp, Neutral, StrongUp ) 0.697875, 0.231972, 0.069542, 0.000611;
    ( WeakUp, Neutral, StrongUp ) 0.131219, 0.695735, 0.172466, 0.000580;
    ( Neutral, Neutral, StrongUp ) 0.192051, 0.579655, 0.227753, 0.000541;
    ( Down, Neutral, StrongUp ) 0.114741, 0.232358, 0.557556, 0.095344;
    ( StrongUp, Down, StrongUp ) 0.306182, 0.428016, 0.163956, 0.101847;
    ( WeakUp, Down, StrongUp ) 0.181695, 0.296744, 0.435073, 0.086488;
    ( Neutral, Down, StrongUp ) 0.109778, 0.242700, 0.541042, 0.106480;
    ( Down, Down, StrongUp ) 0.103537, 0.059729, 0.243665, 0.593069;
    ( StrongUp, StronUp, WeakUp ) 0.899513, 0.096558, 0.002075, 0.001854;
    ( WeakUp, StronUp, WeakUp ) 0.689297, 0.307056, 0.001745, 0.001902;
    ( Neutral, StronUp, WeakUp ) 0.173689, 0.590920, 0.233696, 0.001695;
    ( Down, StronUp, WeakUp ) 0.084753, 0.310816, 0.497523, 0.106909;
    ( StrongUp, WeakUp, WeakUp ) 0.601265, 0.394523, 0.002265, 0.001947;
    ( WeakUp, WeakUp, WeakUp ) 0.001608, 0.995223, 0.001598, 0.001572;
    ( Neutral, WeakUp, WeakUp ) 0.001924, 0.667507, 0.328780, 0.001789;
    ( Down, WeakUp, WeakUp ) 0.001920, 0.213073, 0.645365, 0.139643;
    ( StrongUp, Neutral, WeakUp ) 0.158556, 0.675533, 0.165310, 0.000601;
    ( WeakUp, Neutral, WeakUp ) 0.000496, 0.704067, 0.294968, 0.000468;
    ( Neutral, Neutral, WeakUp ) 0.000695, 0.320547, 0.678135, 0.000622;
    ( Down, Neutral, WeakUp ) 0.000542, 0.126100, 0.492595, 0.380763;
    ( StrongUp, Down, WeakUp ) 0.121751, 0.326045, 0.417893, 0.134311;
    ( WeakUp, Down, WeakUp ) 0.001413, 0.226839, 0.614291, 0.157457;
    ( Neutral, Down, WeakUp ) 0.001385, 0.144247, 0.489598, 0.364770;
    ( Down, Down, WeakUp ) 0.001509, 0.109142, 0.177015, 0.712334;
    ( StrongUp, StronUp, Neutral ) 0.771059, 0.161902, 0.066468, 0.000570;
    ( WeakUp, StronUp, Neutral ) 0.161263, 0.686284, 0.151778, 0.000675;
    ( Neutral, StronUp, Neutral ) 0.133697, 0.581572, 0.284154, 0.000576;
    ( Down, StronUp, Neutral ) 0.104523, 0.177389, 0.610673, 0.107415;
    ( StrongUp, WeakUp, Neutral ) 0.103169, 0.756337, 0.139887, 0.000607;
    ( WeakUp, WeakUp, Neutral ) 0.000535, 0.763197, 0.235731, 0.000536;
    ( Neutral, WeakUp, Neutral ) 0.000675, 0.342349, 0.656325, 0.000651;
    ( Down, WeakUp, Neutral ) 0.000518, 0.177401, 0.514972, 0.307109;
    ( StrongUp, Neutral, Neutral ) 0.187389, 0.604436, 0.207999, 0.000176;
    ( WeakUp, Neutral, Neutral ) 0.000178, 0.286611, 0.713028, 0.000183;
    ( Neutral, Neutral, Neutral ) 0.000177, 0.000180, 0.999465, 0.000178;
    ( Down, Neutral, Neutral ) 0.000167, 0.000177, 0.683579, 0.316077;
    ( StrongUp, Down, Neutral ) 0.064231, 0.168078, 0.654739, 0.112953;
    ( WeakUp, Down, Neutral ) 0.000416, 0.170900, 0.484458, 0.344227;
    ( Neutral, Down, Neutral ) 0.000461, 0.000461, 0.689743, 0.309335;
    ( Down, Down, Neutral ) 0.000423, 0.000435, 0.315965, 0.683177;
    ( StrongUp, StronUp, Down ) 0.225966, 0.434827, 0.279645, 0.059561;
    ( WeakUp, StronUp, Down ) 0.116782, 0.366678, 0.402548, 0.113991;
    ( Neutral, StronUp, Down ) 0.048836, 0.201628, 0.683604, 0.065932;
    ( Down, StronUp, Down ) 0.107169, 0.058081, 0.270808, 0.563942;
    ( StrongUp, WeakUp, Down ) 0.085100, 0.304389, 0.494818, 0.115693;
    ( WeakUp, WeakUp, Down ) 0.001185, 0.193848, 0.717397, 0.087571;
    ( Neutral, WeakUp, Down ) 0.001236, 0.166615, 0.385233, 0.446916;
    ( Down, WeakUp, Down ) 0.001332, 0.109762, 0.185792, 0.703113;
    ( StrongUp, Neutral, Down ) 0.120238, 0.212358, 0.588374, 0.079030;
    ( WeakUp, Neutral, Down ) 0.000427, 0.181716, 0.376380, 0.441477;
    ( Neutral, Neutral, Down ) 0.000382, 0.000401, 0.717944, 0.281273;
    ( Down, Neutral, Down ) 0.000395, 0.000421, 0.332364, 0.666820;
    ( StrongUp, Down, Down ) 0.080181, 0.097623, 0.137644, 0.684552;
    ( WeakUp, Down, Down ) 0.000895, 0.088429, 0.161771, 0.748904;
    ( Neutral, Down, Down ) 0.000869, 0.000869, 0.380704, 0.617558;
    ( Down, Down, Down ) 0.001049, 0.001049, 0.001162, 0.996740;
};

probability ( AreaMeso_ALS | CombVerMo ) {
    ( StrongUp ) 0.999736, 0.000089, 0.000088, 0.000087;
    ( WeakUp ) 0.000038, 0.999888, 0.000038, 0.000037;
    ( Neutral ) 0.000023, 0.000023, 0.999931, 0.000023;
    ( Down ) 0.000057, 0.000057, 0.000058, 0.999828;
};

probability ( SatContMoist ) {
    table 0.154501, 0.199353, 0.400192, 0.245953;
};

probability ( RaoContMoist ) {
    table 0.154547, 0.200641, 0.398529, 0.246283;
};

probability ( CombMoisture | SatContMoist, RaoContMoist ) {
    ( VeryWet, VeryWet ) 0.896021, 0.103147, 0.000424, 0.000408;
    ( Wet, VeryWet ) 0.526488, 0.431877, 0.041304, 0.000330;
    ( Neutral, VeryWet ) 0.225805, 0.304784, 0.363122, 0.106289;
    ( Dry, VeryWet ) 0.219278, 0.308282, 0.225246, 0.247194;
    ( VeryWet, Wet ) 0.628748, 0.324131, 0.046819, 0.000302;
    ( Wet, Wet ) 0.130698, 0.601854, 0.204673, 0.062775;
    ( Neutral, Wet ) 0.099196, 0.327287, 0.514255, 0.059264;
    ( Dry, Wet ) 0.244739, 0.300396, 0.195847, 0.259018;
    ( VeryWet, Neutral ) 0.289746, 0.501439, 0.208640, 0.000176;
    ( Wet, Neutral ) 0.049896, 0.425594, 0.428892, 0.095618;
    ( Neutral, Neutral ) 0.000066, 0.158390, 0.680658, 0.160886;
    ( Dry, Neutral ) 0.255413, 0.232386, 0.255082, 0.257118;
    ( VeryWet, Dry ) 0.260777, 0.363119, 0.237326, 0.138778;
    ( Wet, Dry ) 0.126016, 0.310565, 0.285156, 0.278264;
    ( Neutral, Dry ) 0.000111, 0.109211, 0.349380, 0.541299;
    ( Dry, Dry ) 0.237370, 0.266423, 0.240181, 0.256026;
};

probability ( AreaMoDryAir | AreaMeso_ALS, CombMoisture ) {
    ( StrongUp, VeryWet ) 0.994313, 0.004815, 0.000437, 0.000434;
    ( WeakUp, VeryWet ) 0.790941, 0.208660, 0.000199, 0.000200;
    ( Neutral, VeryWet ) 0.710684, 0.276087, 0.013100, 0.000129;
    ( Down, VeryWet ) 0.253075, 0.705575, 0.041012, 0.000338;
    ( StrongUp, Wet ) 0.757599, 0.241796, 0.000307, 0.000298;
    ( WeakUp, Wet ) 0.326415, 0.575329, 0.098124, 0.000132;
    ( Neutral, Wet ) 0.187217, 0.603361, 0.209340, 0.000083;
    ( Down, Wet ) 0.065841, 0.366289, 0.444457, 0.123413;
    ( StrongUp, Neutral ) 0.225460, 0.518638, 0.247297, 0.008605;
    ( WeakUp, Neutral ) 0.012171, 0.380935, 0.548476, 0.058418;
    ( Neutral, Neutral ) 0.006107, 0.094983, 0.806822, 0.092089;
    ( Down, Neutral ) 0.000172, 0.054139, 0.513910, 0.431780;
    ( StrongUp, Dry ) 0.000541, 0.258017, 0.560226, 0.181216;
    ( WeakUp, Dry ) 0.000203, 0.024653, 0.447446, 0.527698;
    ( Neutral, Dry ) 0.000134, 0.000133, 0.278886, 0.720848;
    ( Down, Dry ) 0.000313, 0.000310, 0.009562, 0.989815;
};

probability ( VISCloudCov ) {
    table 0.104884, 0.496161, 0.398955;
};

probability ( IRCloudCover ) {
    table 0.149088, 0.447622, 0.403290;
};

probability ( CombClouds | VISCloudCov, IRCloudCover ) {
    ( Cloudy, Cloudy ) 0.953210, 0.046131, 0.000659;
    ( PC, Cloudy ) 0.463527, 0.501330, 0.035143;
    ( Clear, Cloudy ) 0.099655, 0.395908, 0.504437;
    ( Cloudy, PC ) 0.857116, 0.127868, 0.015016;
    ( PC, PC ) 0.088940, 0.813186, 0.097873;
    ( Clear, PC ) 0.026768, 0.263761, 0.709470;
    ( Cloudy, Clear ) 0.796008, 0.107062, 0.096930;
    ( PC, Clear ) 0.048725, 0.478741, 0.472534;
    ( Clear, Clear ) 0.000067, 0.016999, 0.982934;
};

probability ( CldShadeOth | AreaMoDryAir, AreaMeso_ALS, CombClouds ) {
    ( VeryWet, StrongUp, Cloudy ) 0.998088, 0.000958, 0.000955;
    ( Wet, StrongUp, Cloudy ) 0.940850, 0.057242, 0.001908;
    ( Neutral, StrongUp, Cloudy ) 0.961428, 0.035419, 0.003153;
    ( Dry, StrongUp, Cloudy ) 0.968934, 0.015533, 0.015533;
    ( VeryWet, WeakUp, Cloudy ) 0.908645, 0.090464, 0.000891;
    ( Wet, WeakUp, Cloudy ) 0.911146, 0.081573, 0.007281;
    ( Neutral, WeakUp, Cloudy ) 0.855093, 0.144053, 0.000854;
    ( Dry, WeakUp, Cloudy ) 0.600449, 0.397910, 0.001641;
    ( VeryWet, Neutral, Cloudy ) 0.954859, 0.044268, 0.000873;
    ( Wet, Neutral, Cloudy ) 0.803385, 0.196037, 0.000578;
    ( Neutral, Neutral, Cloudy ) 0.785245, 0.195249, 0.019506;
    ( Dry, Neutral, Cloudy ) 0.777504, 0.187677, 0.034819;
    ( VeryWet, Down, Cloudy ) 0.810723, 0.181384, 0.007893;
    ( Wet, Down, Cloudy ) 0.664676, 0.311226, 0.024098;
    ( Neutral, Down, Cloudy ) 0.560890, 0.416916, 0.022194;
    ( Dry, Down, Cloudy ) 0.434716, 0.547169, 0.018115;
    ( VeryWet, StrongUp, PC ) 0.878090, 0.121415, 0.000494;
    ( Wet, StrongUp, PC ) 0.670662, 0.320231, 0.009107;
    ( Neutral, StrongUp, PC ) 0.479373, 0.455715, 0.064912;
    ( Dry, StrongUp, PC ) 0.331631, 0.663143, 0.005226;
    ( VeryWet, WeakUp, PC ) 0.433397, 0.541881, 0.024723;
    ( Wet, WeakUp, PC ) 0.233951, 0.592895, 0.173154;
    ( Neutral, WeakUp, PC ) 0.144735, 0.786830, 0.068435;
    ( Dry, WeakUp, PC ) 0.017610, 0.933980, 0.048410;
    ( VeryWet, Neutral, PC ) 0.217993, 0.768279, 0.013727;
    ( Wet, Neutral, PC ) 0.009058, 0.889495, 0.101447;
    ( Neutral, Neutral, PC ) 0.018673, 0.872531, 0.108796;
    ( Dry, Neutral, PC ) 0.018258, 0.782992, 0.198750;
    ( VeryWet, Down, PC ) 0.001955, 0.495224, 0.502821;
    ( Wet, Down, PC ) 0.000575, 0.387931, 0.611494;
    ( Neutral, Down, PC ) 0.005234, 0.723663, 0.271103;
    ( Dry, Down, PC ) 0.048283, 0.664181, 0.287536;
    ( VeryWet, StrongUp, Clear ) 0.272238, 0.344346, 0.383416;
    ( Wet, StrongUp, Clear ) 0.141726, 0.412420, 0.445854;
    ( Neutral, StrongUp, Clear ) 0.110126, 0.459115, 0.430759;
    ( Dry, StrongUp, Clear ) 0.098483, 0.190816, 0.710701;
    ( VeryWet, WeakUp, Clear ) 0.054112, 0.485198, 0.460690;
    ( Wet, WeakUp, Clear ) 0.005350, 0.277686, 0.716964;
    ( Neutral, WeakUp, Clear ) 0.000268, 0.217564, 0.782168;
    ( Dry, WeakUp, Clear ) 0.000744, 0.125077, 0.874179;
    ( VeryWet, Neutral, Clear ) 0.011694, 0.268182, 0.720124;
    ( Wet, Neutral, Clear ) 0.000218, 0.124124, 0.875658;
    ( Neutral, Neutral, Clear ) 0.000133, 0.057042, 0.942825;
    ( Dry, Neutral, Clear ) 0.000334, 0.048070, 0.951596;
    ( VeryWet, Down, Clear ) 0.002058, 0.084371, 0.913571;
    ( Wet, Down, Clear ) 0.000565, 0.017688, 0.981747;
    ( Neutral, Down, Clear ) 0.000393, 0.008303, 0.991304;
    ( Dry, Down, Clear ) 0.003306, 0.000367, 0.996327;
};

probability ( AMInstabMt ) {
    table 0.329100, 0.338726, 0.332175;
};

probability ( InsInMt | CldShadeOth, AMInstabMt ) {
    ( Cloudy, None ) 0.878659, 0.121180, 0.000160;
    ( PC, None ) 0.605197, 0.381678, 0.013125;
    ( Clear, None ) 0.508042, 0.341863, 0.150096;
    ( Cloudy, Weak ) 0.002937, 0.392000, 0.605063;
    ( PC, Weak ) 0.000077, 0.396469, 0.603454;
    ( Clear, Weak ) 0.000076, 0.158446, 0.841479;
    ( Cloudy, Strong ) 0.000145, 0.044311, 0.955545;
    ( PC, Strong ) 0.000083, 0.000084, 0.999833;
    ( Clear, Strong ) 0.000074, 0.000074, 0.999852;
};

probability ( WndHodograph ) {
    table 0.299782, 0.250711, 0.246755, 0.202752;
};

probability ( OutflowFrMt | InsInMt, WndHodograph ) {
    ( None, DCVZFavor ) 0.999627, 0.000168, 0.000205;
    ( Weak, DCVZFavor ) 0.501969, 0.412572, 0.085458;
    ( Strong, DCVZFavor ) 0.044316, 0.446203, 0.509481;
    ( None, StrongWest ) 0.999605, 0.000207, 0.000189;
    ( Weak, StrongWest ) 0.163080, 0.391207, 0.445713;
    ( Strong, StrongWest ) 0.013377, 0.154509, 0.832114;
    ( None, Westerly ) 0.999576, 0.000223, 0.000201;
    ( Weak, Westerly ) 0.346357, 0.592650, 0.060993;
    ( Strong, Westerly ) 0.113062, 0.224804, 0.662134;
    ( None, Other ) 0.999492, 0.000252, 0.000256;
    ( Weak, Other ) 0.801592, 0.183768, 0.014640;
    ( Strong, Other ) 0.616046, 0.294045, 0.089909;
};

probability ( MorningBound ) {
    table 0.495186, 0.357912, 0.146901;
};

probability ( Boundaries | OutflowFrMt, WndHodograph, MorningBound ) {
    ( None, DCVZFavor, None ) 0.491453, 0.487761, 0.020786;
    ( Weak, DCVZFavor, None ) 0.279941, 0.644427, 0.075632;
    ( Strong, DCVZFavor, None ) 0.000219, 0.553354, 0.446427;
    ( None, StrongWest, None ) 0.740416, 0.226801, 0.032783;
    ( Weak, StrongWest, None ) 0.180975, 0.708742, 0.110283;
    ( Strong, StrongWest, None ) 0.000146, 0.515586, 0.484268;
    ( None, Westerly, None ) 0.792661, 0.196336, 0.011004;
    ( Weak, Westerly, None ) 0.157075, 0.712997, 0.129928;
    ( Strong, Westerly, None ) 0.000214, 0.693482, 0.306304;
    ( None, Other, None ) 0.725625, 0.249566, 0.024809;
    ( Weak, Other, None ) 0.410516, 0.518387, 0.071098;
    ( Strong, Other, None ) 0.001953, 0.803179, 0.194868;
    ( None, DCVZFavor, Weak ) 0.391115, 0.413329, 0.195555;
    ( Weak, DCVZFavor, Weak ) 0.105973, 0.512573, 0.381454;
    ( Strong, DCVZFavor, Weak ) 0.000325, 0.404436, 0.595239;
    ( None, StrongWest, Weak ) 0.491048, 0.416075, 0.092877;
    ( Weak, StrongWest, Weak ) 0.066819, 0.757376, 0.175804;
    ( Strong, StrongWest, Weak ) 0.000189, 0.398498, 0.601313;
    ( None, Westerly, Weak ) 0.355813, 0.504141, 0.140047;
    ( Weak, Westerly, Weak ) 0.062989, 0.773588, 0.163422;
    ( Strong, Westerly, Weak ) 0.000302, 0.493066, 0.506633;
    ( None, Other, Weak ) 0.272199, 0.595875, 0.131926;
    ( Weak, Other, Weak ) 0.238342, 0.645185, 0.116473;
    ( Strong, Other, Weak ) 0.024308, 0.421227, 0.554465;
    ( None, DCVZFavor, Strong ) 0.118548, 0.265850, 0.615602;
    ( Weak, DCVZFavor, Strong ) 0.022712, 0.233832, 0.743455;
    ( Strong, DCVZFavor, Strong ) 0.000652, 0.150292, 0.849056;
    ( None, StrongWest, Strong ) 0.270180, 0.385335, 0.344486;
    ( Weak, StrongWest, Strong ) 0.089281, 0.429920, 0.480799;
    ( Strong, StrongWest, Strong ) 0.000499, 0.198604, 0.800897;
    ( None, Westerly, Strong ) 0.236466, 0.381686, 0.381848;
    ( Weak, Westerly, Strong ) 0.053825, 0.484673, 0.461502;
    ( Strong, Westerly, Strong ) 0.000735, 0.204519, 0.794745;
    ( None, Other, Strong ) 0.038193, 0.358933, 0.602874;
    ( Weak, Other, Strong ) 0.068396, 0.287218, 0.644387;
    ( Strong, Other, Strong ) 0.006946, 0.079830, 0.913224;
};

probability ( CldShadeConv | InsInMt, WndHodograph ) {
    ( None, DCVZFavor ) 0.999647, 0.000186, 0.000167;
    ( Weak, DCVZFavor ) 0.324976, 0.584578, 0.090446;
    ( Strong, DCVZFavor ) 0.000059, 0.316265, 0.683676;
    ( None, StrongWest ) 0.999614, 0.000193, 0.000193;
    ( Weak, StrongWest ) 0.200102, 0.681952, 0.117946;
    ( Strong, StrongWest ) 0.000070, 0.197396, 0.802535;
    ( None, Westerly ) 0.999595, 0.000202, 0.000203;
    ( Weak, Westerly ) 0.515463, 0.446178, 0.038358;
    ( Strong, Westerly ) 0.095734, 0.495315, 0.408951;
    ( None, Other ) 0.999497, 0.000252, 0.000251;
    ( Weak, Other ) 0.778673, 0.208786, 0.012541;
    ( Strong, Other ) 0.508680, 0.387720, 0.103600;
};

probability ( CompPlFcst | Boundaries, CldShadeConv, AreaMeso_ALS, CldShadeOth ) {
    ( None, None, StrongUp, Cloudy ) 0.340268, 0.346127, 0.313605;
    ( Weak, None, StrongUp, Cloudy ) 0.400153, 0.375842, 0.224005;
    ( Strong, None, StrongUp, Cloudy ) 0.443582, 0.264511, 0.291907;
    ( None, Some, StrongUp, Cloudy ) 0.483299, 0.225056, 0.291644;
    ( Weak, Some, StrongUp, Cloudy ) 0.330418, 0.344578, 0.325004;
    ( Strong, Some, StrongUp, Cloudy ) 0.383139, 0.286377, 0.330484;
    ( None, Marked, StrongUp, Cloudy ) 0.529168, 0.331470, 0.139363;
    ( Weak, Marked, StrongUp, Cloudy ) 0.413689, 0.389308, 0.197002;
    ( Strong, Marked, StrongUp, Cloudy ) 0.255695, 0.410196, 0.334109;
    ( None, None, WeakUp, Cloudy ) 0.599276, 0.306361, 0.094363;
    ( Weak, None, WeakUp, Cloudy ) 0.446953, 0.248518, 0.304528;
    ( Strong, None, WeakUp, Cloudy ) 0.292168, 0.426288, 0.281544;
    ( None, Some, WeakUp, Cloudy ) 0.615027, 0.318718, 0.066255;
    ( Weak, Some, WeakUp, Cloudy ) 0.527330, 0.280822, 0.191849;
    ( Strong, Some, WeakUp, Cloudy ) 0.397972, 0.226967, 0.375061;
    ( None, Marked, WeakUp, Cloudy ) 0.689373, 0.300916, 0.009711;
    ( Weak, Marked, WeakUp, Cloudy ) 0.591303, 0.310765, 0.097932;
    ( Strong, Marked, WeakUp, Cloudy ) 0.439819, 0.341771, 0.218410;
    ( None, None, Neutral, Cloudy ) 0.647732, 0.329841, 0.022427;
    ( Weak, None, Neutral, Cloudy ) 0.526269, 0.257783, 0.215948;
    ( Strong, None, Neutral, Cloudy ) 0.595821, 0.175863, 0.228316;
    ( None, Some, Neutral, Cloudy ) 0.744403, 0.164088, 0.091509;
    ( Weak, Some, Neutral, Cloudy ) 0.567990, 0.316884, 0.115126;
    ( Strong, Some, Neutral, Cloudy ) 0.573826, 0.190005, 0.236168;
    ( None, Marked, Neutral, Cloudy ) 0.717441, 0.274936, 0.007622;
    ( Weak, Marked, Neutral, Cloudy ) 0.573954, 0.311438, 0.114609;
    ( Strong, Marked, Neutral, Cloudy ) 0.452681, 0.453516, 0.093803;
    ( None, None, Down, Cloudy ) 0.556493, 0.411411, 0.032096;
    ( Weak, None, Down, Cloudy ) 0.530562, 0.439382, 0.030056;
    ( Strong, None, Down, Cloudy ) 0.815555, 0.091529, 0.092916;
    ( None, Some, Down, Cloudy ) 0.534056, 0.458429, 0.007515;
    ( Weak, Some, Down, Cloudy ) 0.665767, 0.252439, 0.081794;
    ( Strong, Some, Down, Cloudy ) 0.334139, 0.563924, 0.101937;
    ( None, Marked, Down, Cloudy ) 0.634698, 0.335126, 0.030176;
    ( Weak, Marked, Down, Cloudy ) 0.654356, 0.244831, 0.100813;
    ( Strong, Marked, Down, Cloudy ) 0.683149, 0.220557, 0.096294;
    ( None, None, StrongUp, PC ) 0.051991, 0.347737, 0.600272;
    ( Weak, None, StrongUp, PC ) 0.001782, 0.400530, 0.597688;
    ( Strong, None, StrongUp, PC ) 0.006036, 0.191708, 0.802256;
    ( None, Some, StrongUp, PC ) 0.436407, 0.230560, 0.333032;
    ( Weak, Some, StrongUp, PC ) 0.076625, 0.298235, 0.625140;
    ( Strong, Some, StrongUp, PC ) 0.086001, 0.636644, 0.277354;
    ( None, Marked, StrongUp, PC ) 0.501745, 0.245900, 0.252355;
    ( Weak, Marked, StrongUp, PC ) 0.236359, 0.572631, 0.191010;
    ( Strong, Marked, StrongUp, PC ) 0.157689, 0.332358, 0.509953;
    ( None, None, WeakUp, PC ) 0.422302, 0.277046, 0.300652;
    ( Weak, None, WeakUp, PC ) 0.306956, 0.362131, 0.330913;
    ( Strong, None, WeakUp, PC ) 0.156590, 0.374748, 0.468662;
    ( None, Some, WeakUp, PC ) 0.340943, 0.384951, 0.274106;
    ( Weak, Some, WeakUp, PC ) 0.406384, 0.353920, 0.239695;
    ( Strong, Some, WeakUp, PC ) 0.198102, 0.439208, 0.362689;
    ( None, Marked, WeakUp, PC ) 0.697144, 0.147658, 0.155198;
    ( Weak, Marked, WeakUp, PC ) 0.438660, 0.377564, 0.183776;
    ( Strong, Marked, WeakUp, PC ) 0.332713, 0.419214, 0.248074;
    ( None, None, Neutral, PC ) 0.467988, 0.409955, 0.122058;
    ( Weak, None, Neutral, PC ) 0.381180, 0.406825, 0.211995;
    ( Strong, None, Neutral, PC ) 0.276882, 0.404404, 0.318714;
    ( None, Some, Neutral, PC ) 0.454596, 0.427378, 0.118025;
    ( Weak, Some, Neutral, PC ) 0.455062, 0.405344, 0.139594;
    ( Strong, Some, Neutral, PC ) 0.371027, 0.414350, 0.214622;
    ( None, Marked, Neutral, PC ) 0.634870, 0.261208, 0.103922;
    ( Weak, Marked, Neutral, PC ) 0.550230, 0.297357, 0.152413;
    ( Strong, Marked, Neutral, PC ) 0.401644, 0.376521, 0.221835;
    ( None, None, Down, PC ) 0.641597, 0.314697, 0.043706;
    ( Weak, None, Down, PC ) 0.606010, 0.286957, 0.107034;
    ( Strong, None, Down, PC ) 0.436549, 0.290994, 0.272457;
    ( None, Some, Down, PC ) 0.713536, 0.231176, 0.055288;
    ( Weak, Some, Down, PC ) 0.576682, 0.300957, 0.122361;
    ( Strong, Some, Down, PC ) 0.512993, 0.298402, 0.188605;
    ( None, Marked, Down, PC ) 0.905101, 0.087201, 0.007698;
    ( Weak, Marked, Down, PC ) 0.755850, 0.181443, 0.062706;
    ( Strong, Marked, Down, PC ) 0.705699, 0.247700, 0.046601;
    ( None, None, StrongUp, Clear ) 0.113517, 0.333433, 0.553050;
    ( Weak, None, StrongUp, Clear ) 0.033672, 0.247366, 0.718962;
    ( Strong, None, StrongUp, Clear ) 0.100575, 0.283754, 0.615671;
    ( None, Some, StrongUp, Clear ) 0.398417, 0.141374, 0.460209;
    ( Weak, Some, StrongUp, Clear ) 0.088191, 0.230369, 0.681441;
    ( Strong, Some, StrongUp, Clear ) 0.054255, 0.379194, 0.566551;
    ( None, Marked, StrongUp, Clear ) 0.281486, 0.415523, 0.302991;
    ( Weak, Marked, StrongUp, Clear ) 0.137241, 0.379530, 0.483229;
    ( Strong, Marked, StrongUp, Clear ) 0.216309, 0.216306, 0.567385;
    ( None, None, WeakUp, Clear ) 0.191984, 0.543527, 0.264489;
    ( Weak, None, WeakUp, Clear ) 0.116399, 0.535734, 0.347867;
    ( Strong, None, WeakUp, Clear ) 0.091743, 0.271691, 0.636566;
    ( None, Some, WeakUp, Clear ) 0.289068, 0.567682, 0.143249;
    ( Weak, Some, WeakUp, Clear ) 0.172541, 0.492596, 0.334863;
    ( Strong, Some, WeakUp, Clear ) 0.163425, 0.371842, 0.464733;
    ( None, Marked, WeakUp, Clear ) 0.414688, 0.368168, 0.217144;
    ( Weak, Marked, WeakUp, Clear ) 0.292120, 0.523370, 0.184510;
    ( Strong, Marked, WeakUp, Clear ) 0.176182, 0.414364, 0.409454;
    ( None, None, Neutral, Clear ) 0.239154, 0.454282, 0.306564;
    ( Weak, None, Neutral, Clear ) 0.178583, 0.419288, 0.402130;
    ( Strong, None, Neutral, Clear ) 0.115326, 0.445393, 0.439281;
    ( None, Some, Neutral, Clear ) 0.301943, 0.427776, 0.270281;
    ( Weak, Some, Neutral, Clear ) 0.263274, 0.456097, 0.280629;
    ( Strong, Some, Neutral, Clear ) 0.180830, 0.470295, 0.348876;
    ( None, Marked, Neutral, Clear ) 0.555835, 0.364370, 0.079794;
    ( Weak, Marked, Neutral, Clear ) 0.466843, 0.286767, 0.246390;
    ( Strong, Marked, Neutral, Clear ) 0.380277, 0.411388, 0.208336;
    ( None, None, Down, Clear ) 0.602840, 0.357599, 0.039561;
    ( Weak, None, Down, Clear ) 0.664759, 0.217810, 0.117431;
    ( Strong, None, Down, Clear ) 0.434637, 0.355265, 0.210098;
    ( None, Some, Down, Clear ) 0.633977, 0.319004, 0.047018;
    ( Weak, Some, Down, Clear ) 0.635070, 0.324671, 0.040259;
    ( Strong, Some, Down, Clear ) 0.497006, 0.396999, 0.105995;
    ( None, Marked, Down, Clear ) 0.897564, 0.099349, 0.003087;
    ( Weak, Marked, Down, Clear ) 0.676258, 0.252109, 0.071633;
    ( Strong, Marked, Down, Clear ) 0.577158, 0.321007, 0.101835;
};

probability ( CapChange | CompPlFcst ) {
    ( IncCapDecIns ) 0.000025, 0.000026, 0.999949;
    ( LittleChange ) 0.000028, 0.999944, 0.000028;
    ( DecCapIncIns ) 0.999912, 0.000044, 0.000044;
};

probability ( LoLevMoistAd ) {
    table 0.126871, 0.281313, 0.293913, 0.297902;
};

probability ( InsChange | LoLevMoistAd, CompPlFcst ) {
    ( StrongPos, IncCapDecIns ) 0.000210, 0.061149, 0.938641;
    ( WeakPos, IncCapDecIns ) 0.047340, 0.164022, 0.788638;
    ( Neutral, IncCapDecIns ) 0.133110, 0.496687, 0.370204;
    ( Negative, IncCapDecIns ) 0.513656, 0.387524, 0.098820;
    ( StrongPos, LittleChange ) 0.000210, 0.111113, 0.888677;
    ( WeakPos, LittleChange ) 0.100181, 0.409514, 0.490304;
    ( Neutral, LittleChange ) 0.188800, 0.602087, 0.209113;
    ( Negative, LittleChange ) 0.813249, 0.145181, 0.041571;
    ( StrongPos, DecCapIncIns ) 0.049295, 0.116731, 0.833974;
    ( WeakPos, DecCapIncIns ) 0.222498, 0.525265, 0.252237;
    ( Neutral, DecCapIncIns ) 0.366677, 0.498494, 0.134829;
    ( Negative, DecCapIncIns ) 0.889779, 0.102315, 0.007906;
};

probability ( MountainFcst | InsInMt ) {
    ( None ) 0.999902, 0.000049, 0.000049;
    ( Weak ) 0.474552, 0.507532, 0.017916;
    ( Strong ) 0.197095, 0.509077, 0.293829;
};

probability ( Date ) {
    table 0.253633, 0.127364, 0.104090, 0.214349, 0.073983, 0.226583;
};

probability ( Scenario | Date ) {
    ( May15_Jun14 ) 0.097588, 0.156831, 0.107509, 0.088928, 0.078313, 0.011681, 0.080557, 0.097172, 0.090270, 0.025984, 0.165166;
    ( Jun15_Jul1 ) 0.040666, 0.159726, 0.093575, 0.102897, 0.125527, 0.015262, 0.126698, 0.054410, 0.077512, 0.104957, 0.098769;
    ( Jul2_Jul15 ) 0.033200, 0.109470, 0.095091, 0.082004, 0.165298, 0.031380, 0.143236, 0.039196, 0.071389, 0.142983, 0.086754;
    ( Jul16_Aug10 ) 0.040727, 0.131946, 0.091411, 0.064950, 0.201418, 0.077941, 0.060065, 0.049912, 0.075964, 0.123778, 0.081887;
    ( Aug11_Aug20 ) 0.045322, 0.126490, 0.118740, 0.070076, 0.158236, 0.045508, 0.091140, 0.051001, 0.083919, 0.127270, 0.082299;
    ( Aug20_Sep15 ) 0.047032, 0.107320, 0.103408, 0.084750, 0.105181, 0.020265, 0.104589, 0.070580, 0.080842, 0.106375, 0.169659;
};

probability ( ScenRelAMCIN | Scenario ) {
    ( A ) 0.999818, 0.000182;
    ( B ) 0.999924, 0.000077;
    ( C ) 0.000100, 0.999900;
    ( D ) 0.000122, 0.999878;
    ( E ) 0.000077, 0.999923;
    ( F ) 0.000307, 0.999693;
    ( G ) 0.000107, 0.999893;
    ( H ) 0.000154, 0.999846;
    ( I ) 0.000126, 0.999874;
    ( J ) 0.000107, 0.999893;
    ( K ) 0.000081, 0.999919;
};

probability ( MorningCIN ) {
    table 0.149611, 0.569455, 0.201624, 0.079310;
};

probability ( AMCINInScen | ScenRelAMCIN, MorningCIN ) {
    ( AB, None ) 0.999311, 0.000345, 0.000344;
    ( CThruK, None ) 0.733527, 0.266387, 0.000086;
    ( AB, PartInhibit ) 0.589106, 0.384375, 0.026519;
    ( CThruK, PartInhibit ) 0.305093, 0.592340, 0.102568;
    ( AB, Stifling ) 0.230348, 0.502507, 0.267146;
    ( CThruK, Stifling ) 0.011963, 0.398296, 0.589742;
    ( AB, TotalInhibit ) 0.000663, 0.094276, 0.905061;
    ( CThruK, TotalInhibit ) 0.000160, 0.033928, 0.965912;
};

probability ( CapInScen | AMCINInScen, CapChange ) {
    ( LessThanAve, Decreasing ) 0.999724, 0.000138, 0.000138;
    ( Average, Decreasing ) 0.735283, 0.264617, 0.000100;
    ( MoreThanAve, Decreasing ) 0.287179, 0.364539, 0.348281;
    ( LessThanAve, LittleChange ) 0.979921, 0.019996, 0.000084;
    ( Average, LittleChange ) 0.034996, 0.930419, 0.034585;
    ( MoreThanAve, LittleChange ) 0.000117, 0.026363, 0.973520;
    ( LessThanAve, Increasing ) 0.330496, 0.374345, 0.295159;
    ( Average, Increasing ) 0.000058, 0.243097, 0.756846;
    ( MoreThanAve, Increasing ) 0.000111, 0.000113, 0.999776;
};

probability ( ScenRelAMIns | Scenario ) {
    ( A ) 0.999097, 0.000181, 0.000181, 0.000181, 0.000180, 0.000181;
    ( B ) 0.999622, 0.000076, 0.000076, 0.000076, 0.000076, 0.000076;
    ( C ) 0.000100, 0.999499, 0.000100, 0.000100, 0.000100, 0.000100;
    ( D ) 0.000123, 0.999383, 0.000124, 0.000124, 0.000123, 0.000123;
    ( E ) 0.000078, 0.999612, 0.000077, 0.000078, 0.000078, 0.000078;
    ( F ) 0.000307, 0.000308, 0.998456, 0.000307, 0.000311, 0.000311;
    ( G ) 0.000107, 0.000107, 0.000107, 0.999466, 0.000107, 0.000107;
    ( H ) 0.000153, 0.000153, 0.000153, 0.000153, 0.999236, 0.000153;
    ( I ) 0.999376, 0.000125, 0.000125, 0.000125, 0.000125, 0.000125;
    ( J ) 0.000108, 0.999463, 0.000107, 0.000107, 0.000107, 0.000108;
    ( K ) 0.000080, 0.000080, 0.000080, 0.000080, 0.000080, 0.999598;
};

probability ( LIfr12ZDENSd ) {
    table 0.098149, 0.527320, 0.296124, 0.078408;
};

probability ( AMDewptCalPl ) {
    table 0.293243, 0.251592, 0.455165;
};

probability ( AMInsWliScen | ScenRelAMIns, LIfr12ZDENSd, AMDewptCalPl ) {
    ( ABI, LIGt0, Instability ) 0.548569, 0.319293, 0.132139;
    ( CDEJ, LIGt0, Instability ) 0.387609, 0.270188, 0.342203;
    ( F, LIGt0, Instability ) 0.264008, 0.382556, 0.353436;
    ( G, LIGt0, Instability ) 0.297269, 0.395479, 0.307253;
    ( H, LIGt0, Instability ) 0.387496, 0.553976, 0.058528;
    ( K, LIGt0, Instability ) 0.322436, 0.570650, 0.106914;
    ( ABI, N1GtLIGt_4, Instability ) 0.319715, 0.294930, 0.385356;
    ( CDEJ, N1GtLIGt_4, Instability ) 0.153643, 0.297431, 0.548927;
    ( F, N1GtLIGt_4, Instability ) 0.145260, 0.310937, 0.543802;
    ( G, N1GtLIGt_4, Instability ) 0.142038, 0.326055, 0.531907;
    ( H, N1GtLIGt_4, Instability ) 0.075013, 0.273423, 0.651565;
    ( K, N1GtLIGt_4, Instability ) 0.085177, 0.363532, 0.551291;
    ( ABI, N5GtLIGt_8, Instability ) 0.076433, 0.239653, 0.683914;
    ( CDEJ, N5GtLIGt_8, Instability ) 0.025200, 0.163377, 0.811423;
    ( F, N5GtLIGt_8, Instability ) 0.004290, 0.004460, 0.991251;
    ( G, N5GtLIGt_8, Instability ) 0.077059, 0.235688, 0.687253;
    ( H, N5GtLIGt_8, Instability ) 0.038109, 0.183273, 0.778618;
    ( K, N5GtLIGt_8, Instability ) 0.056424, 0.182867, 0.760708;
    ( ABI, LILt_8, Instability ) 0.001830, 0.076304, 0.921866;
    ( CDEJ, LILt_8, Instability ) 0.024140, 0.056030, 0.919830;
    ( F, LILt_8, Instability ) 0.012827, 0.012827, 0.974346;
    ( G, LILt_8, Instability ) 0.053795, 0.058230, 0.887975;
    ( H, LILt_8, Instability ) 0.007451, 0.160926, 0.831623;
    ( K, LILt_8, Instability ) 0.004363, 0.136095, 0.859543;
    ( ABI, LIGt0, Neutral ) 0.859531, 0.119884, 0.020585;
    ( CDEJ, LIGt0, Neutral ) 0.659373, 0.259455, 0.081172;
    ( F, LIGt0, Neutral ) 0.589549, 0.398892, 0.011559;
    ( G, LIGt0, Neutral ) 0.570095, 0.388437, 0.041469;
    ( H, LIGt0, Neutral ) 0.696473, 0.154473, 0.149054;
    ( K, LIGt0, Neutral ) 0.399369, 0.560918, 0.039713;
    ( ABI, N1GtLIGt_4, Neutral ) 0.472839, 0.282694, 0.244467;
    ( CDEJ, N1GtLIGt_4, Neutral ) 0.233070, 0.516615, 0.250315;
    ( F, N1GtLIGt_4, Neutral ) 0.182680, 0.661781, 0.155539;
    ( G, N1GtLIGt_4, Neutral ) 0.173431, 0.637178, 0.189392;
    ( H, N1GtLIGt_4, Neutral ) 0.206470, 0.416252, 0.377278;
    ( K, N1GtLIGt_4, Neutral ) 0.241889, 0.520911, 0.237200;
    ( ABI, N5GtLIGt_8, Neutral ) 0.162194, 0.449504, 0.388302;
    ( CDEJ, N5GtLIGt_8, Neutral ) 0.215600, 0.309023, 0.475376;
    ( F, N5GtLIGt_8, Neutral ) 0.046026, 0.459750, 0.494224;
    ( G, N5GtLIGt_8, Neutral ) 0.133110, 0.525805, 0.341085;
    ( H, N5GtLIGt_8, Neutral ) 0.020495, 0.323846, 0.655659;
    ( K, N5GtLIGt_8, Neutral ) 0.102537, 0.406341, 0.491122;
    ( ABI, LILt_8, Neutral ) 0.001701, 0.140480, 0.857819;
    ( CDEJ, LILt_8, Neutral ) 0.012876, 0.139813, 0.847311;
    ( F, LILt_8, Neutral ) 0.017770, 0.017772, 0.964458;
    ( G, LILt_8, Neutral ) 0.059210, 0.291966, 0.648825;
    ( H, LILt_8, Neutral ) 0.006404, 0.136503, 0.857092;
    ( K, LILt_8, Neutral ) 0.052071, 0.156678, 0.791251;
    ( ABI, LIGt0, Stability ) 0.936559, 0.054996, 0.008445;
    ( CDEJ, LIGt0, Stability ) 0.866117, 0.095692, 0.038191;
    ( F, LIGt0, Stability ) 0.760203, 0.161684, 0.078113;
    ( G, LIGt0, Stability ) 0.723853, 0.248919, 0.027228;
    ( H, LIGt0, Stability ) 0.546460, 0.449926, 0.003614;
    ( K, LIGt0, Stability ) 0.467927, 0.400894, 0.131179;
    ( ABI, N1GtLIGt_4, Stability ) 0.766929, 0.186390, 0.046681;
    ( CDEJ, N1GtLIGt_4, Stability ) 0.606179, 0.304144, 0.089676;
    ( F, N1GtLIGt_4, Stability ) 0.523803, 0.410462, 0.065735;
    ( G, N1GtLIGt_4, Stability ) 0.123159, 0.695862, 0.180979;
    ( H, N1GtLIGt_4, Stability ) 0.461248, 0.422285, 0.116467;
    ( K, N1GtLIGt_4, Stability ) 0.313935, 0.537733, 0.148331;
    ( ABI, N5GtLIGt_8, Stability ) 0.528537, 0.397264, 0.074199;
    ( CDEJ, N5GtLIGt_8, Stability ) 0.450002, 0.404884, 0.145115;
    ( F, N5GtLIGt_8, Stability ) 0.346752, 0.469059, 0.184189;
    ( G, N5GtLIGt_8, Stability ) 0.105968, 0.716604, 0.177428;
    ( H, N5GtLIGt_8, Stability ) 0.120486, 0.409821, 0.469693;
    ( K, N5GtLIGt_8, Stability ) 0.164895, 0.301676, 0.533429;
    ( ABI, LILt_8, Stability ) 0.365974, 0.306291, 0.327735;
    ( CDEJ, LILt_8, Stability ) 0.293002, 0.277426, 0.429572;
    ( F, LILt_8, Stability ) 0.010214, 0.521835, 0.467951;
    ( G, LILt_8, Stability ) 0.094408, 0.202420, 0.703172;
    ( H, LILt_8, Stability ) 0.153630, 0.346607, 0.499763;
    ( K, LILt_8, Stability ) 0.061376, 0.352246, 0.586378;
};

probability ( InsSclInScen | AMInsWliScen, InsChange ) {
    ( LessUnstable, Decreasing ) 0.999793, 0.000107, 0.000100;
    ( Average, Decreasing ) 0.553226, 0.446670, 0.000104;
    ( MoreUnstable, Decreasing ) 0.235635, 0.356922, 0.407444;
    ( LessUnstable, LittleChange ) 0.903071, 0.096836, 0.000093;
    ( Average, LittleChange ) 0.147734, 0.699606, 0.152660;
    ( MoreUnstable, LittleChange ) 0.000097, 0.102697, 0.897206;
    ( LessUnstable, Increasing ) 0.387046, 0.348032, 0.264922;
    ( Average, Increasing ) 0.000086, 0.389614, 0.610300;
    ( MoreUnstable, Increasing ) 0.000095, 0.000095, 0.999810;
};

probability ( ScenRel3_4 | Scenario ) {
    ( A ) 0.999278, 0.000180, 0.000180, 0.000180, 0.000180;
    ( B ) 0.000076, 0.999696, 0.000076, 0.000076, 0.000076;
    ( C ) 0.999598, 0.000100, 0.000100, 0.000100, 0.000100;
    ( D ) 0.000123, 0.000123, 0.999508, 0.000123, 0.000123;
    ( E ) 0.999692, 0.000077, 0.000077, 0.000077, 0.000077;
    ( F ) 0.998767, 0.000308, 0.000308, 0.000308, 0.000308;
    ( G ) 0.000108, 0.000108, 0.000108, 0.999569, 0.000108;
    ( H ) 0.000155, 0.000154, 0.000155, 0.000155, 0.999382;
    ( I ) 0.000125, 0.000125, 0.000125, 0.000125, 0.999499;
    ( J ) 0.000107, 0.000107, 0.000107, 0.999571, 0.000107;
    ( K ) 0.999678, 0.000080, 0.000080, 0.000080, 0.000080;
};

probability ( LatestCIN ) {
    table 0.404510, 0.399090, 0.148414, 0.047985;
};

probability ( LLIW ) {
    table 0.125926, 0.311721, 0.380825, 0.181531;
};

probability ( CurPropConv | LatestCIN, LLIW ) {
    ( None, Unfavorable ) 0.696187, 0.283646, 0.019969, 0.000198;
    ( PartInhibit, Unfavorable ) 0.886572, 0.104612, 0.008608, 0.000208;
    ( Stifling, Unfavorable ) 0.949349, 0.049679, 0.000484, 0.000488;
    ( TotalInhibit, Unfavorable ) 0.992941, 0.002470, 0.002305, 0.002283;
    ( None, Weak ) 0.114964, 0.481905, 0.299875, 0.103256;
    ( PartInhibit, Weak ) 0.624807, 0.263343, 0.102620, 0.009229;
    ( Stifling, Weak ) 0.753546, 0.215872, 0.030364, 0.000218;
    ( TotalInhibit, Weak ) 0.942714, 0.055958, 0.000664, 0.000664;
    ( None, Moderate ) 0.010327, 0.147361, 0.331047, 0.511264;
    ( PartInhibit, Moderate ) 0.245971, 0.345478, 0.316229, 0.092321;
    ( Stifling, Moderate ) 0.410133, 0.392458, 0.173706, 0.023703;
    ( TotalInhibit, Moderate ) 0.756251, 0.205489, 0.037725, 0.000535;
    ( None, Strong ) 0.000141, 0.020435, 0.177348, 0.802077;
    ( PartInhibit, Strong ) 0.010104, 0.150256, 0.335800, 0.503839;
    ( Stifling, Strong ) 0.233854, 0.311624, 0.326724, 0.127799;
    ( TotalInhibit, Strong ) 0.394265, 0.444934, 0.080712, 0.080088;
};

probability ( ScnRelPlFcst | Scenario ) {
    ( A ) 0.998204, 0.000180, 0.000180, 0.000179, 0.000179, 0.000179, 0.000180, 0.000179, 0.000181, 0.000180, 0.000179;
    ( B ) 0.000076, 0.999241, 0.000076, 0.000076, 0.000076, 0.000076, 0.000076, 0.000076, 0.000076, 0.000076, 0.000076;
    ( C ) 0.000100, 0.000100, 0.998996, 0.000100, 0.000100, 0.000100, 0.000101, 0.000101, 0.000100, 0.000101, 0.000100;
    ( D ) 0.000122, 0.000123, 0.000123, 0.998773, 0.000123, 0.000123, 0.000122, 0.000122, 0.000122, 0.000123, 0.000123;
    ( E ) 0.000077, 0.000077, 0.000077, 0.000077, 0.999232, 0.000077, 0.000077, 0.000077, 0.000077, 0.000077, 0.000077;
    ( F ) 0.000305, 0.000306, 0.000307, 0.000307, 0.000307, 0.996935, 0.000306, 0.000307, 0.000306, 0.000307, 0.000307;
