// Bayesian Network (Learned via Stochastic EM)

variable N0_7muVerMo {
  type discrete [ 4 ] = { StrongUp, WeakUp, Neutral, Down };
};
variable SubjVertMo {
  type discrete [ 4 ] = { StronUp, WeakUp, Neutral, Down };
};
variable QGVertMotion {
  type discrete [ 4 ] = { StrongUp, WeakUp, Neutral, Down };
};
variable CombVerMo {
  type discrete [ 4 ] = { StrongUp, WeakUp, Neutral, Down };
};
variable AreaMeso_ALS {
  type discrete [ 4 ] = { StrongUp, WeakUp, Neutral, Down };
};
variable SatContMoist {
  type discrete [ 4 ] = { VeryWet, Wet, Neutral, Dry };
};
variable RaoContMoist {
  type discrete [ 4 ] = { VeryWet, Wet, Neutral, Dry };
};
variable CombMoisture {
  type discrete [ 4 ] = { VeryWet, Wet, Neutral, Dry };
};
variable AreaMoDryAir {
  type discrete [ 4 ] = { VeryWet, Wet, Neutral, Dry };
};
variable VISCloudCov {
  type discrete [ 3 ] = { Cloudy, PC, Clear };
};
variable IRCloudCover {
  type discrete [ 3 ] = { Cloudy, PC, Clear };
};
variable CombClouds {
  type discrete [ 3 ] = { Cloudy, PC, Clear };
};
variable CldShadeOth {
  type discrete [ 3 ] = { Cloudy, PC, Clear };
};
variable AMInstabMt {
  type discrete [ 3 ] = { None, Weak, Strong };
};
variable InsInMt {
  type discrete [ 3 ] = { None, Weak, Strong };
};
variable WndHodograph {
  type discrete [ 4 ] = { DCVZFavor, StrongWest, Westerly, Other };
};
variable OutflowFrMt {
  type discrete [ 3 ] = { None, Weak, Strong };
};
variable MorningBound {
  type discrete [ 3 ] = { None, Weak, Strong };
};
variable Boundaries {
  type discrete [ 3 ] = { None, Weak, Strong };
};
variable CldShadeConv {
  type discrete [ 3 ] = { None, Some, Marked };
};
variable CompPlFcst {
  type discrete [ 3 ] = { IncCapDecIns, LittleChange, DecCapIncIns };
};
variable CapChange {
  type discrete [ 3 ] = { Decreasing, LittleChange, Increasing };
};
variable LoLevMoistAd {
  type discrete [ 4 ] = { StrongPos, WeakPos, Neutral, Negative };
};
variable InsChange {
  type discrete [ 3 ] = { Decreasing, LittleChange, Increasing };
};
variable MountainFcst {
  type discrete [ 3 ] = { XNIL, SIG, SVR };
};
variable Date {
  type discrete [ 6 ] = { May15_Jun14, Jun15_Jul1, Jul2_Jul15, Jul16_Aug10, Aug11_Aug20, Aug20_Sep15 };
};
variable Scenario {
  type discrete [ 11 ] = { A, B, C, D, E, F, G, H, I, J, K };
};
variable ScenRelAMCIN {
  type discrete [ 2 ] = { AB, CThruK };
};
variable MorningCIN {
  type discrete [ 4 ] = { None, PartInhibit, Stifling, TotalInhibit };
};
variable AMCINInScen {
  type discrete [ 3 ] = { LessThanAve, Average, MoreThanAve };
};
variable CapInScen {
  type discrete [ 3 ] = { LessThanAve, Average, MoreThanAve };
};
variable ScenRelAMIns {
  type discrete [ 6 ] = { ABI, CDEJ, F, G, H, K };
};
variable LIfr12ZDENSd {
  type discrete [ 4 ] = { LIGt0, N1GtLIGt_4, N5GtLIGt_8, LILt_8 };
};
variable AMDewptCalPl {
  type discrete [ 3 ] = { Instability, Neutral, Stability };
};
variable AMInsWliScen {
  type discrete [ 3 ] = { LessUnstable, Average, MoreUnstable };
};
variable InsSclInScen {
  type discrete [ 3 ] = { LessUnstable, Average, MoreUnstable };
};
variable ScenRel3_4 {
  type discrete [ 5 ] = { ACEFK, B, D, GJ, HI };
};
variable LatestCIN {
  type discrete [ 4 ] = { None, PartInhibit, Stifling, TotalInhibit };
};
variable LLIW {
  type discrete [ 4 ] = { Unfavorable, Weak, Moderate, Strong };
};
variable CurPropConv {
  type discrete [ 4 ] = { None, Slight, Moderate, Strong };
};
variable ScnRelPlFcst {
  type discrete [ 11 ] = { A, B, C, D, E, F, G, H, I, J, K };
};
variable PlainsFcst {
  type discrete [ 3 ] = { XNIL, SIG, SVR };
};
variable N34StarFcst {
  type discrete [ 3 ] = { XNIL, SIG, SVR };
};
variable R5Fcst {
  type discrete [ 3 ] = { XNIL, SIG, SVR };
};
variable Dewpoints {
  type discrete [ 7 ] = { LowEvrywhere, LowAtStation, LowSHighN, LowNHighS, LowMtsHighPl, HighEvrywher, Other };
};
variable LowLLapse {
  type discrete [ 4 ] = { CloseToDryAd, Steep, ModerateOrLe, Stable };
};
variable MeanRH {
  type discrete [ 3 ] = { VeryMoist, Average, Dry };
};
variable MidLLapse {
  type discrete [ 3 ] = { CloseToDryAd, Steep, ModerateOrLe };
};
variable MvmtFeatures {
  type discrete [ 4 ] = { StrongFront, MarkedUpper, OtherRapid, NoMajor };
};
variable RHRatio {
  type discrete [ 3 ] = { MoistMDryL, DryMMoistL, Other };
};
variable SfcWndShfDis {
  type discrete [ 7 ] = { DenvCyclone, E_W_N, E_W_S, MovingFtorOt, DryLine, None, Other };
};
variable SynForcng {
  type discrete [ 5 ] = { SigNegative, NegToPos, SigPositive, PosToNeg, LittleChange };
};
variable TempDis {
  type discrete [ 4 ] = { QStationary, Moving, None, Other };
};
variable WindAloft {
  type discrete [ 4 ] = { LV, SWQuad, NWQuad, AllElse };
};
variable WindFieldMt {
  type discrete [ 2 ] = { Westerly, LVorOther };
};
variable WindFieldPln {
  type discrete [ 6 ] = { LV, DenvCyclone, LongAnticyc, E_NE, SEQuad, WidespdDnsl };
};
probability ( N0_7muVerMo ) {
    table 0.502228, 0.344014, 0.067904, 0.085854;
};

probability ( SubjVertMo ) {
    table 0.521342, 0.080514, 0.219831, 0.178313;
};

probability ( QGVertMotion ) {
    table 0.096573, 0.565550, 0.300355, 0.037522;
};

probability ( CombVerMo | N0_7muVerMo, SubjVertMo, QGVertMotion ) {
    ( StrongUp, StronUp, StrongUp ) 0.420283, 0.143214, 0.136391, 0.300112;
    ( WeakUp, StronUp, StrongUp ) 0.384824, 0.069006, 0.339090, 0.207080;
    ( Neutral, StronUp, StrongUp ) 0.435880, 0.075348, 0.195344, 0.293428;
    ( Down, StronUp, StrongUp ) 0.262453, 0.246851, 0.049628, 0.441068;
    ( StrongUp, WeakUp, StrongUp ) 0.211440, 0.353173, 0.236698, 0.198689;
    ( WeakUp, WeakUp, StrongUp ) 0.430077, 0.168825, 0.361677, 0.039421;
    ( Neutral, WeakUp, StrongUp ) 0.362458, 0.290268, 0.159671, 0.187604;
    ( Down, WeakUp, StrongUp ) 0.309327, 0.173479, 0.255456, 0.261738;
    ( StrongUp, Neutral, StrongUp ) 0.126252, 0.005754, 0.270439, 0.597555;
    ( WeakUp, Neutral, StrongUp ) 0.161742, 0.328021, 0.093481, 0.416757;
    ( Neutral, Neutral, StrongUp ) 0.300595, 0.283986, 0.289393, 0.126026;
    ( Down, Neutral, StrongUp ) 0.269822, 0.354290, 0.172281, 0.203607;
    ( StrongUp, Down, StrongUp ) 0.251698, 0.133148, 0.227752, 0.387402;
    ( WeakUp, Down, StrongUp ) 0.266459, 0.051434, 0.394412, 0.287695;
    ( Neutral, Down, StrongUp ) 0.186157, 0.177605, 0.295587, 0.340650;
    ( Down, Down, StrongUp ) 0.047238, 0.232722, 0.672509, 0.047531;
    ( StrongUp, StronUp, WeakUp ) 0.009718, 0.412397, 0.313816, 0.264069;
    ( WeakUp, StronUp, WeakUp ) 0.151827, 0.226863, 0.318547, 0.302763;
    ( Neutral, StronUp, WeakUp ) 0.016630, 0.165657, 0.739747, 0.077966;
    ( Down, StronUp, WeakUp ) 0.290603, 0.038238, 0.368351, 0.302808;
    ( StrongUp, WeakUp, WeakUp ) 0.340926, 0.092049, 0.364030, 0.202995;
    ( WeakUp, WeakUp, WeakUp ) 0.124182, 0.094606, 0.598852, 0.182361;
    ( Neutral, WeakUp, WeakUp ) 0.370596, 0.134051, 0.317335, 0.178018;
    ( Down, WeakUp, WeakUp ) 0.096079, 0.043053, 0.537793, 0.323076;
    ( StrongUp, Neutral, WeakUp ) 0.369025, 0.257285, 0.128839, 0.244851;
    ( WeakUp, Neutral, WeakUp ) 0.155442, 0.335060, 0.247172, 0.262325;
    ( Neutral, Neutral, WeakUp ) 0.215994, 0.183152, 0.025109, 0.575744;
    ( Down, Neutral, WeakUp ) 0.081971, 0.430596, 0.133738, 0.353695;
    ( StrongUp, Down, WeakUp ) 0.103978, 0.289734, 0.453406, 0.152882;
    ( WeakUp, Down, WeakUp ) 0.102158, 0.502456, 0.083535, 0.311850;
    ( Neutral, Down, WeakUp ) 0.085442, 0.009870, 0.872397, 0.032292;
    ( Down, Down, WeakUp ) 0.088164, 0.293784, 0.208847, 0.409205;
    ( StrongUp, StronUp, Neutral ) 0.244998, 0.548930, 0.071140, 0.134932;
    ( WeakUp, StronUp, Neutral ) 0.451588, 0.023852, 0.287468, 0.237092;
    ( Neutral, StronUp, Neutral ) 0.264238, 0.317734, 0.310827, 0.107201;
    ( Down, StronUp, Neutral ) 0.391049, 0.252060, 0.236324, 0.120568;
    ( StrongUp, WeakUp, Neutral ) 0.542096, 0.015782, 0.282371, 0.159751;
    ( WeakUp, WeakUp, Neutral ) 0.360148, 0.375577, 0.051874, 0.212402;
    ( Neutral, WeakUp, Neutral ) 0.653508, 0.223416, 0.066220, 0.056856;
    ( Down, WeakUp, Neutral ) 0.639177, 0.079693, 0.031293, 0.249837;
    ( StrongUp, Neutral, Neutral ) 0.118573, 0.348730, 0.442496, 0.090201;
    ( WeakUp, Neutral, Neutral ) 0.407691, 0.162869, 0.124770, 0.304670;
    ( Neutral, Neutral, Neutral ) 0.101558, 0.334353, 0.055555, 0.508533;
    ( Down, Neutral, Neutral ) 0.610013, 0.008559, 0.141303, 0.240125;
    ( StrongUp, Down, Neutral ) 0.098398, 0.759486, 0.049173, 0.092943;
    ( WeakUp, Down, Neutral ) 0.476244, 0.084074, 0.355266, 0.084416;
    ( Neutral, Down, Neutral ) 0.016434, 0.627328, 0.257607, 0.098632;
    ( Down, Down, Neutral ) 0.208074, 0.076089, 0.194551, 0.521286;
    ( StrongUp, StronUp, Down ) 0.115794, 0.085657, 0.585406, 0.213143;
    ( WeakUp, StronUp, Down ) 0.222801, 0.097126, 0.660409, 0.019664;
    ( Neutral, StronUp, Down ) 0.375375, 0.269276, 0.255858, 0.099490;
    ( Down, StronUp, Down ) 0.092973, 0.687719, 0.120775, 0.098533;
    ( StrongUp, WeakUp, Down ) 0.428029, 0.064564, 0.059644, 0.447763;
    ( WeakUp, WeakUp, Down ) 0.087204, 0.087206, 0.089327, 0.736263;
    ( Neutral, WeakUp, Down ) 0.249408, 0.153375, 0.443850, 0.153367;
    ( Down, WeakUp, Down ) 0.192020, 0.211559, 0.412535, 0.183886;
    ( StrongUp, Neutral, Down ) 0.110637, 0.075330, 0.089523, 0.724510;
    ( WeakUp, Neutral, Down ) 0.601853, 0.021930, 0.357345, 0.018872;
    ( Neutral, Neutral, Down ) 0.177870, 0.177404, 0.535654, 0.109072;
    ( Down, Neutral, Down ) 0.045325, 0.347053, 0.047222, 0.560400;
    ( StrongUp, Down, Down ) 0.037052, 0.334944, 0.445751, 0.182253;
    ( WeakUp, Down, Down ) 0.139319, 0.150826, 0.493876, 0.215979;
    ( Neutral, Down, Down ) 0.244756, 0.128313, 0.408267, 0.218663;
    ( Down, Down, Down ) 0.145167, 0.231490, 0.341876, 0.281467;
};

probability ( AreaMeso_ALS | CombVerMo ) {
    ( StrongUp ) 0.367280, 0.057217, 0.194165, 0.381338;
    ( WeakUp ) 0.494363, 0.155214, 0.111800, 0.238623;
    ( Neutral ) 0.680778, 0.143873, 0.110117, 0.065232;
    ( Down ) 0.218500, 0.364994, 0.008576, 0.407931;
};

probability ( SatContMoist ) {
    table 0.068886, 0.480236, 0.213084, 0.237795;
};

probability ( RaoContMoist ) {
    table 0.396964, 0.524342, 0.020056, 0.058637;
};

probability ( CombMoisture | SatContMoist, RaoContMoist ) {
    ( VeryWet, VeryWet ) 0.304109, 0.563447, 0.051243, 0.081201;
    ( Wet, VeryWet ) 0.230608, 0.030307, 0.694935, 0.044150;
    ( Neutral, VeryWet ) 0.095461, 0.480975, 0.306964, 0.116600;
    ( Dry, VeryWet ) 0.323619, 0.309820, 0.177338, 0.189222;
    ( VeryWet, Wet ) 0.059173, 0.005220, 0.128784, 0.806822;
    ( Wet, Wet ) 0.596198, 0.012721, 0.289063, 0.102018;
    ( Neutral, Wet ) 0.130036, 0.067360, 0.516879, 0.285725;
    ( Dry, Wet ) 0.379934, 0.122585, 0.367195, 0.130286;
    ( VeryWet, Neutral ) 0.398180, 0.094025, 0.416027, 0.091767;
    ( Wet, Neutral ) 0.463896, 0.078073, 0.368864, 0.089166;
    ( Neutral, Neutral ) 0.521069, 0.149030, 0.046751, 0.283150;
    ( Dry, Neutral ) 0.513066, 0.398415, 0.032105, 0.056414;
    ( VeryWet, Dry ) 0.165367, 0.246560, 0.181522, 0.406551;
    ( Wet, Dry ) 0.702850, 0.013247, 0.203547, 0.080356;
    ( Neutral, Dry ) 0.010981, 0.050432, 0.203575, 0.735012;
    ( Dry, Dry ) 0.517003, 0.440850, 0.018939, 0.023209;
};

probability ( AreaMoDryAir | AreaMeso_ALS, CombMoisture ) {
    ( StrongUp, VeryWet ) 0.511334, 0.187178, 0.100165, 0.201323;
    ( WeakUp, VeryWet ) 0.119429, 0.450355, 0.050712, 0.379504;
    ( Neutral, VeryWet ) 0.079625, 0.071882, 0.171222, 0.677271;
    ( Down, VeryWet ) 0.281642, 0.468867, 0.242342, 0.007150;
    ( StrongUp, Wet ) 0.521095, 0.205058, 0.122152, 0.151695;
    ( WeakUp, Wet ) 0.886666, 0.054326, 0.031118, 0.027890;
    ( Neutral, Wet ) 0.171698, 0.575877, 0.109461, 0.142965;
    ( Down, Wet ) 0.049065, 0.467618, 0.442086, 0.041232;
    ( StrongUp, Neutral ) 0.386920, 0.030849, 0.564833, 0.017398;
    ( WeakUp, Neutral ) 0.337457, 0.224362, 0.023575, 0.414606;
    ( Neutral, Neutral ) 0.718635, 0.076406, 0.154257, 0.050702;
    ( Down, Neutral ) 0.066761, 0.585276, 0.141338, 0.206625;
    ( StrongUp, Dry ) 0.324225, 0.032160, 0.518847, 0.124769;
    ( WeakUp, Dry ) 0.130258, 0.538834, 0.215203, 0.115705;
    ( Neutral, Dry ) 0.731479, 0.078124, 0.020920, 0.169476;
    ( Down, Dry ) 0.475463, 0.235441, 0.098406, 0.190690;
};

probability ( VISCloudCov ) {
    table 0.548340, 0.072214, 0.379446;
};

probability ( IRCloudCover ) {
    table 0.492797, 0.445114, 0.062088;
};

probability ( CombClouds | VISCloudCov, IRCloudCover ) {
    ( Cloudy, Cloudy ) 0.378613, 0.230035, 0.391352;
    ( PC, Cloudy ) 0.041847, 0.566872, 0.391281;
    ( Clear, Cloudy ) 0.754148, 0.127802, 0.118049;
    ( Cloudy, PC ) 0.346364, 0.390422, 0.263214;
    ( PC, PC ) 0.031909, 0.935282, 0.032809;
    ( Clear, PC ) 0.323265, 0.573619, 0.103116;
    ( Cloudy, Clear ) 0.177368, 0.668399, 0.154233;
    ( PC, Clear ) 0.502341, 0.140757, 0.356902;
    ( Clear, Clear ) 0.027656, 0.445702, 0.526642;
};

probability ( CldShadeOth | AreaMoDryAir, AreaMeso_ALS, CombClouds ) {
    ( VeryWet, StrongUp, Cloudy ) 0.091408, 0.351963, 0.556629;
    ( Wet, StrongUp, Cloudy ) 0.103954, 0.598029, 0.298017;
    ( Neutral, StrongUp, Cloudy ) 0.780551, 0.120375, 0.099074;
    ( Dry, StrongUp, Cloudy ) 0.427930, 0.268001, 0.304069;
    ( VeryWet, WeakUp, Cloudy ) 0.576685, 0.094469, 0.328846;
    ( Wet, WeakUp, Cloudy ) 0.180735, 0.611197, 0.208068;
    ( Neutral, WeakUp, Cloudy ) 0.197817, 0.563234, 0.238950;
    ( Dry, WeakUp, Cloudy ) 0.399750, 0.496881, 0.103368;
    ( VeryWet, Neutral, Cloudy ) 0.075406, 0.266906, 0.657688;
    ( Wet, Neutral, Cloudy ) 0.010192, 0.793358, 0.196450;
    ( Neutral, Neutral, Cloudy ) 0.584512, 0.245113, 0.170376;
    ( Dry, Neutral, Cloudy ) 0.105683, 0.349748, 0.544569;
    ( VeryWet, Down, Cloudy ) 0.623818, 0.347478, 0.028704;
    ( Wet, Down, Cloudy ) 0.196911, 0.432387, 0.370702;
    ( Neutral, Down, Cloudy ) 0.388245, 0.460151, 0.151604;
    ( Dry, Down, Cloudy ) 0.358413, 0.459160, 0.182427;
    ( VeryWet, StrongUp, PC ) 0.469954, 0.385338, 0.144708;
    ( Wet, StrongUp, PC ) 0.303746, 0.181752, 0.514502;
    ( Neutral, StrongUp, PC ) 0.671618, 0.260192, 0.068190;
    ( Dry, StrongUp, PC ) 0.499835, 0.205105, 0.295060;
    ( VeryWet, WeakUp, PC ) 0.602999, 0.017747, 0.379254;
    ( Wet, WeakUp, PC ) 0.507020, 0.027686, 0.465295;
    ( Neutral, WeakUp, PC ) 0.341114, 0.082710, 0.576176;
    ( Dry, WeakUp, PC ) 0.486735, 0.155625, 0.357639;
    ( VeryWet, Neutral, PC ) 0.086756, 0.216957, 0.696287;
    ( Wet, Neutral, PC ) 0.123918, 0.381055, 0.495027;
    ( Neutral, Neutral, PC ) 0.478943, 0.498961, 0.022096;
    ( Dry, Neutral, PC ) 0.068426, 0.654419, 0.277155;
    ( VeryWet, Down, PC ) 0.252537, 0.061826, 0.685636;
    ( Wet, Down, PC ) 0.494036, 0.343197, 0.162766;
    ( Neutral, Down, PC ) 0.567696, 0.384385, 0.047919;
    ( Dry, Down, PC ) 0.004962, 0.642171, 0.352867;
    ( VeryWet, StrongUp, Clear ) 0.634896, 0.144691, 0.220412;
    ( Wet, StrongUp, Clear ) 0.162984, 0.816125, 0.020891;
    ( Neutral, StrongUp, Clear ) 0.036638, 0.783238, 0.180123;
    ( Dry, StrongUp, Clear ) 0.825916, 0.058389, 0.115695;
    ( VeryWet, WeakUp, Clear ) 0.372257, 0.106956, 0.520788;
    ( Wet, WeakUp, Clear ) 0.090104, 0.484370, 0.425525;
    ( Neutral, WeakUp, Clear ) 0.543479, 0.045978, 0.410543;
    ( Dry, WeakUp, Clear ) 0.044564, 0.008495, 0.946941;
    ( VeryWet, Neutral, Clear ) 0.349560, 0.355621, 0.294819;
    ( Wet, Neutral, Clear ) 0.187150, 0.208938, 0.603912;
    ( Neutral, Neutral, Clear ) 0.088206, 0.706591, 0.205203;
    ( Dry, Neutral, Clear ) 0.422890, 0.371196, 0.205914;
    ( VeryWet, Down, Clear ) 0.004604, 0.136612, 0.858784;
    ( Wet, Down, Clear ) 0.280218, 0.613304, 0.106478;
    ( Neutral, Down, Clear ) 0.539555, 0.235781, 0.224664;
    ( Dry, Down, Clear ) 0.336970, 0.193461, 0.469569;
};

probability ( AMInstabMt ) {
    table 0.629340, 0.040196, 0.330465;
};

probability ( InsInMt | CldShadeOth, AMInstabMt ) {
    ( Cloudy, None ) 0.077237, 0.000240, 0.922523;
    ( PC, None ) 0.508650, 0.416259, 0.075090;
    ( Clear, None ) 0.076539, 0.227054, 0.696407;
    ( Cloudy, Weak ) 0.895165, 0.057007, 0.047828;
    ( PC, Weak ) 0.087798, 0.488183, 0.424019;
    ( Clear, Weak ) 0.467677, 0.181884, 0.350439;
    ( Cloudy, Strong ) 0.785652, 0.124597, 0.089751;
    ( PC, Strong ) 0.103737, 0.887772, 0.008491;
    ( Clear, Strong ) 0.242423, 0.235389, 0.522188;
};

probability ( WndHodograph ) {
    table 0.029121, 0.009005, 0.516421, 0.445454;
};

probability ( OutflowFrMt | InsInMt, WndHodograph ) {
    ( None, DCVZFavor ) 0.548426, 0.247638, 0.203936;
    ( Weak, DCVZFavor ) 0.409496, 0.228653, 0.361851;
    ( Strong, DCVZFavor ) 0.624894, 0.186172, 0.188934;
    ( None, StrongWest ) 0.170752, 0.556226, 0.273022;
    ( Weak, StrongWest ) 0.031979, 0.714583, 0.253438;
    ( Strong, StrongWest ) 0.505655, 0.054362, 0.439983;
    ( None, Westerly ) 0.109143, 0.725610, 0.165247;
    ( Weak, Westerly ) 0.571850, 0.304653, 0.123497;
    ( Strong, Westerly ) 0.650977, 0.033688, 0.315335;
    ( None, Other ) 0.742371, 0.016866, 0.240764;
    ( Weak, Other ) 0.088535, 0.412093, 0.499371;
    ( Strong, Other ) 0.102702, 0.508429, 0.388869;
};

probability ( MorningBound ) {
    table 0.000052, 0.542517, 0.457432;
};

probability ( Boundaries | OutflowFrMt, WndHodograph, MorningBound ) {
    ( None, DCVZFavor, None ) 0.333372, 0.333341, 0.333286;
    ( Weak, DCVZFavor, None ) 0.333339, 0.333331, 0.333331;
    ( Strong, DCVZFavor, None ) 0.333325, 0.333340, 0.333335;
    ( None, StrongWest, None ) 0.333372, 0.333314, 0.333314;
    ( Weak, StrongWest, None ) 0.333336, 0.333333, 0.333332;
    ( Strong, StrongWest, None ) 0.333326, 0.333321, 0.333353;
    ( None, Westerly, None ) 0.333351, 0.333402, 0.333247;
    ( Weak, Westerly, None ) 0.333353, 0.333253, 0.333395;
    ( Strong, Westerly, None ) 0.333399, 0.333327, 0.333274;
    ( None, Other, None ) 0.333530, 0.333095, 0.333374;
    ( Weak, Other, None ) 0.333173, 0.333515, 0.333311;
    ( Strong, Other, None ) 0.333268, 0.333286, 0.333446;
    ( None, DCVZFavor, Weak ) 0.703996, 0.189035, 0.106970;
    ( Weak, DCVZFavor, Weak ) 0.606561, 0.378202, 0.015237;
    ( Strong, DCVZFavor, Weak ) 0.438522, 0.080273, 0.481205;
    ( None, StrongWest, Weak ) 0.545194, 0.312572, 0.142234;
    ( Weak, StrongWest, Weak ) 0.406988, 0.050752, 0.542260;
    ( Strong, StrongWest, Weak ) 0.269764, 0.271343, 0.458893;
    ( None, Westerly, Weak ) 0.368776, 0.128473, 0.502751;
    ( Weak, Westerly, Weak ) 0.312664, 0.408597, 0.278739;
    ( Strong, Westerly, Weak ) 0.142352, 0.290505, 0.567143;
    ( None, Other, Weak ) 0.013034, 0.209387, 0.777578;
    ( Weak, Other, Weak ) 0.495989, 0.268268, 0.235743;
    ( Strong, Other, Weak ) 0.185956, 0.144789, 0.669255;
    ( None, DCVZFavor, Strong ) 0.092045, 0.706148, 0.201807;
    ( Weak, DCVZFavor, Strong ) 0.605029, 0.095263, 0.299708;
    ( Strong, DCVZFavor, Strong ) 0.177558, 0.459119, 0.363323;
    ( None, StrongWest, Strong ) 0.120466, 0.185311, 0.694222;
    ( Weak, StrongWest, Strong ) 0.310546, 0.410229, 0.279225;
    ( Strong, StrongWest, Strong ) 0.221049, 0.267115, 0.511836;
    ( None, Westerly, Strong ) 0.165672, 0.472102, 0.362225;
    ( Weak, Westerly, Strong ) 0.456356, 0.501102, 0.042542;
    ( Strong, Westerly, Strong ) 0.781117, 0.180350, 0.038533;
    ( None, Other, Strong ) 0.581531, 0.011088, 0.407381;
    ( Weak, Other, Strong ) 0.518095, 0.228578, 0.253327;
    ( Strong, Other, Strong ) 0.342529, 0.354187, 0.303283;
};

probability ( CldShadeConv | InsInMt, WndHodograph ) {
    ( None, DCVZFavor ) 0.301984, 0.326082, 0.371934;
    ( Weak, DCVZFavor ) 0.537043, 0.289397, 0.173560;
    ( Strong, DCVZFavor ) 0.303320, 0.235382, 0.461298;
    ( None, StrongWest ) 0.424044, 0.171718, 0.404237;
    ( Weak, StrongWest ) 0.504204, 0.330272, 0.165525;
    ( Strong, StrongWest ) 0.079513, 0.595267, 0.325219;
    ( None, Westerly ) 0.000366, 0.127808, 0.871827;
    ( Weak, Westerly ) 0.240889, 0.123993, 0.635118;
    ( Strong, Westerly ) 0.120833, 0.449721, 0.429446;
    ( None, Other ) 0.108147, 0.299910, 0.591943;
    ( Weak, Other ) 0.763495, 0.036980, 0.199525;
    ( Strong, Other ) 0.422921, 0.323303, 0.253776;
};

probability ( CompPlFcst | Boundaries, CldShadeConv, AreaMeso_ALS, CldShadeOth ) {
    ( None, None, StrongUp, Cloudy ) 0.449785, 0.226076, 0.324139;
    ( Weak, None, StrongUp, Cloudy ) 0.116821, 0.563509, 0.319670;
    ( Strong, None, StrongUp, Cloudy ) 0.025731, 0.914301, 0.059967;
    ( None, Some, StrongUp, Cloudy ) 0.118354, 0.299518, 0.582128;
    ( Weak, Some, StrongUp, Cloudy ) 0.103354, 0.504457, 0.392189;
    ( Strong, Some, StrongUp, Cloudy ) 0.226385, 0.248170, 0.525445;
    ( None, Marked, StrongUp, Cloudy ) 0.068802, 0.745872, 0.185326;
    ( Weak, Marked, StrongUp, Cloudy ) 0.296709, 0.185553, 0.517738;
    ( Strong, Marked, StrongUp, Cloudy ) 0.273873, 0.058148, 0.667979;
    ( None, None, WeakUp, Cloudy ) 0.394322, 0.106083, 0.499596;
    ( Weak, None, WeakUp, Cloudy ) 0.560684, 0.353798, 0.085518;
    ( Strong, None, WeakUp, Cloudy ) 0.057425, 0.268719, 0.673856;
    ( None, Some, WeakUp, Cloudy ) 0.407138, 0.111674, 0.481188;
    ( Weak, Some, WeakUp, Cloudy ) 0.342065, 0.421619, 0.236316;
    ( Strong, Some, WeakUp, Cloudy ) 0.028695, 0.598837, 0.372468;
    ( None, Marked, WeakUp, Cloudy ) 0.043241, 0.059099, 0.897660;
    ( Weak, Marked, WeakUp, Cloudy ) 0.357160, 0.005837, 0.637003;
    ( Strong, Marked, WeakUp, Cloudy ) 0.223470, 0.530268, 0.246262;
    ( None, None, Neutral, Cloudy ) 0.039301, 0.783173, 0.177526;
    ( Weak, None, Neutral, Cloudy ) 0.120436, 0.622217, 0.257347;
    ( Strong, None, Neutral, Cloudy ) 0.331361, 0.289558, 0.379081;
    ( None, Some, Neutral, Cloudy ) 0.067952, 0.544973, 0.387075;
    ( Weak, Some, Neutral, Cloudy ) 0.124929, 0.456208, 0.418863;
    ( Strong, Some, Neutral, Cloudy ) 0.337323, 0.126598, 0.536080;
    ( None, Marked, Neutral, Cloudy ) 0.393612, 0.181457, 0.424931;
    ( Weak, Marked, Neutral, Cloudy ) 0.720004, 0.132363, 0.147633;
    ( Strong, Marked, Neutral, Cloudy ) 0.171648, 0.092895, 0.735456;
    ( None, None, Down, Cloudy ) 0.077574, 0.299257, 0.623169;
    ( Weak, None, Down, Cloudy ) 0.064192, 0.461778, 0.474030;
    ( Strong, None, Down, Cloudy ) 0.190843, 0.251795, 0.557362;
    ( None, Some, Down, Cloudy ) 0.229956, 0.014574, 0.755470;
    ( Weak, Some, Down, Cloudy ) 0.455000, 0.032809, 0.512191;
    ( Strong, Some, Down, Cloudy ) 0.132569, 0.333817, 0.533613;
    ( None, Marked, Down, Cloudy ) 0.216032, 0.172053, 0.611915;
    ( Weak, Marked, Down, Cloudy ) 0.796683, 0.199184, 0.004133;
    ( Strong, Marked, Down, Cloudy ) 0.347848, 0.148191, 0.503961;
    ( None, None, StrongUp, PC ) 0.081158, 0.438919, 0.479924;
    ( Weak, None, StrongUp, PC ) 0.333079, 0.201202, 0.465720;
    ( Strong, None, StrongUp, PC ) 0.156449, 0.641886, 0.201666;
    ( None, Some, StrongUp, PC ) 0.698772, 0.053910, 0.247318;
    ( Weak, Some, StrongUp, PC ) 0.699082, 0.146046, 0.154872;
    ( Strong, Some, StrongUp, PC ) 0.104598, 0.377481, 0.517921;
    ( None, Marked, StrongUp, PC ) 0.141616, 0.456923, 0.401461;
    ( Weak, Marked, StrongUp, PC ) 0.098674, 0.572466, 0.328861;
    ( Strong, Marked, StrongUp, PC ) 0.380824, 0.328379, 0.290797;
    ( None, None, WeakUp, PC ) 0.228796, 0.031252, 0.739953;
    ( Weak, None, WeakUp, PC ) 0.150205, 0.826830, 0.022965;
    ( Strong, None, WeakUp, PC ) 0.221327, 0.662120, 0.116552;
    ( None, Some, WeakUp, PC ) 0.456719, 0.416353, 0.126928;
    ( Weak, Some, WeakUp, PC ) 0.041160, 0.173422, 0.785418;
    ( Strong, Some, WeakUp, PC ) 0.295732, 0.505818, 0.198450;
    ( None, Marked, WeakUp, PC ) 0.604441, 0.259877, 0.135681;
    ( Weak, Marked, WeakUp, PC ) 0.448355, 0.509268, 0.042377;
    ( Strong, Marked, WeakUp, PC ) 0.020581, 0.814476, 0.164943;
    ( None, None, Neutral, PC ) 0.071952, 0.767888, 0.160160;
    ( Weak, None, Neutral, PC ) 0.079188, 0.299983, 0.620829;
    ( Strong, None, Neutral, PC ) 0.894568, 0.046666, 0.058766;
    ( None, Some, Neutral, PC ) 0.069747, 0.610029, 0.320224;
    ( Weak, Some, Neutral, PC ) 0.031538, 0.161556, 0.806905;
    ( Strong, Some, Neutral, PC ) 0.045705, 0.789644, 0.164651;
    ( None, Marked, Neutral, PC ) 0.026569, 0.329197, 0.644235;
    ( Weak, Marked, Neutral, PC ) 0.638467, 0.242489, 0.119044;
    ( Strong, Marked, Neutral, PC ) 0.633089, 0.267809, 0.099102;
    ( None, None, Down, PC ) 0.659351, 0.053691, 0.286958;
    ( Weak, None, Down, PC ) 0.337933, 0.559390, 0.102677;
    ( Strong, None, Down, PC ) 0.522506, 0.189188, 0.288305;
    ( None, Some, Down, PC ) 0.541288, 0.087434, 0.371279;
    ( Weak, Some, Down, PC ) 0.030970, 0.639511, 0.329519;
    ( Strong, Some, Down, PC ) 0.075596, 0.354059, 0.570346;
    ( None, Marked, Down, PC ) 0.193029, 0.766232, 0.040739;
    ( Weak, Marked, Down, PC ) 0.477558, 0.044826, 0.477617;
    ( Strong, Marked, Down, PC ) 0.350676, 0.378430, 0.270894;
    ( None, None, StrongUp, Clear ) 0.051183, 0.758687, 0.190130;
    ( Weak, None, StrongUp, Clear ) 0.695724, 0.057831, 0.246444;
    ( Strong, None, StrongUp, Clear ) 0.228531, 0.451504, 0.319965;
    ( None, Some, StrongUp, Clear ) 0.026527, 0.578988, 0.394485;
    ( Weak, Some, StrongUp, Clear ) 0.201029, 0.231450, 0.567522;
    ( Strong, Some, StrongUp, Clear ) 0.122917, 0.473410, 0.403672;
    ( None, Marked, StrongUp, Clear ) 0.071193, 0.217809, 0.710998;
    ( Weak, Marked, StrongUp, Clear ) 0.272103, 0.171379, 0.556519;
    ( Strong, Marked, StrongUp, Clear ) 0.684475, 0.014560, 0.300965;
    ( None, None, WeakUp, Clear ) 0.246537, 0.565856, 0.187607;
    ( Weak, None, WeakUp, Clear ) 0.182782, 0.090787, 0.726431;
    ( Strong, None, WeakUp, Clear ) 0.483611, 0.439197, 0.077192;
    ( None, Some, WeakUp, Clear ) 0.185737, 0.180118, 0.634145;
    ( Weak, Some, WeakUp, Clear ) 0.266784, 0.234056, 0.499160;
    ( Strong, Some, WeakUp, Clear ) 0.359118, 0.173252, 0.467629;
    ( None, Marked, WeakUp, Clear ) 0.284901, 0.571289, 0.143810;
    ( Weak, Marked, WeakUp, Clear ) 0.515866, 0.210186, 0.273948;
    ( Strong, Marked, WeakUp, Clear ) 0.097509, 0.200887, 0.701604;
    ( None, None, Neutral, Clear ) 0.125590, 0.644911, 0.229500;
    ( Weak, None, Neutral, Clear ) 0.435874, 0.399494, 0.164632;
    ( Strong, None, Neutral, Clear ) 0.689477, 0.174762, 0.135762;
    ( None, Some, Neutral, Clear ) 0.222511, 0.515608, 0.261881;
    ( Weak, Some, Neutral, Clear ) 0.383671, 0.563935, 0.052394;
    ( Strong, Some, Neutral, Clear ) 0.172277, 0.776599, 0.051124;
    ( None, Marked, Neutral, Clear ) 0.738127, 0.092655, 0.169218;
    ( Weak, Marked, Neutral, Clear ) 0.384268, 0.534681, 0.081051;
    ( Strong, Marked, Neutral, Clear ) 0.675017, 0.084394, 0.240590;
    ( None, None, Down, Clear ) 0.512504, 0.122071, 0.365425;
    ( Weak, None, Down, Clear ) 0.088037, 0.142608, 0.769355;
    ( Strong, None, Down, Clear ) 0.469808, 0.379930, 0.150262;
    ( None, Some, Down, Clear ) 0.858097, 0.075891, 0.066012;
    ( Weak, Some, Down, Clear ) 0.710686, 0.154668, 0.134646;
    ( Strong, Some, Down, Clear ) 0.344421, 0.618962, 0.036617;
    ( None, Marked, Down, Clear ) 0.222789, 0.436657, 0.340554;
    ( Weak, Marked, Down, Clear ) 0.030178, 0.613385, 0.356438;
    ( Strong, Marked, Down, Clear ) 0.583867, 0.410070, 0.006063;
};

probability ( CapChange | CompPlFcst ) {
    ( IncCapDecIns ) 0.091507, 0.802144, 0.106349;
    ( LittleChange ) 0.343493, 0.009481, 0.647026;
    ( DecCapIncIns ) 0.265658, 0.306614, 0.427728;
};

probability ( LoLevMoistAd ) {
    table 0.017357, 0.266237, 0.716351, 0.000054;
};

probability ( InsChange | LoLevMoistAd, CompPlFcst ) {
    ( StrongPos, IncCapDecIns ) 0.226526, 0.182755, 0.590719;
    ( WeakPos, IncCapDecIns ) 0.442265, 0.172542, 0.385193;
    ( Neutral, IncCapDecIns ) 0.136267, 0.719128, 0.144605;
    ( Negative, IncCapDecIns ) 0.333355, 0.333459, 0.333186;
    ( StrongPos, LittleChange ) 0.057387, 0.622138, 0.320475;
    ( WeakPos, LittleChange ) 0.051760, 0.266951, 0.681290;
    ( Neutral, LittleChange ) 0.224806, 0.144572, 0.630622;
    ( Negative, LittleChange ) 0.332823, 0.333462, 0.333715;
    ( StrongPos, DecCapIncIns ) 0.204892, 0.023182, 0.771926;
    ( WeakPos, DecCapIncIns ) 0.555860, 0.092657, 0.351482;
    ( Neutral, DecCapIncIns ) 0.275266, 0.348953, 0.375781;
    ( Negative, DecCapIncIns ) 0.333488, 0.333232, 0.333280;
};

probability ( MountainFcst | InsInMt ) {
    ( None ) 0.456997, 0.542808, 0.000196;
    ( Weak ) 0.349933, 0.520360, 0.129707;
    ( Strong ) 0.302813, 0.046091, 0.651096;
};

probability ( Date ) {
    table 0.049659, 0.173985, 0.000056, 0.296573, 0.479674, 0.000053;
};

probability ( Scenario | Date ) {
    ( May15_Jun14 ) 0.001017, 0.055476, 0.147841, 0.165786, 0.011872, 0.047963, 0.186364, 0.076974, 0.114950, 0.129389, 0.062369;
    ( Jun15_Jul1 ) 0.102071, 0.005679, 0.306902, 0.009788, 0.061439, 0.060620, 0.032371, 0.286117, 0.010871, 0.018660, 0.105482;
    ( Jul2_Jul15 ) 0.090812, 0.090988, 0.090836, 0.090823, 0.090862, 0.090761, 0.091071, 0.090853, 0.091058, 0.091059, 0.090876;
    ( Jul16_Aug10 ) 0.052341, 0.110483, 0.139639, 0.145482, 0.019709, 0.087366, 0.009443, 0.083031, 0.091757, 0.136260, 0.124488;
    ( Aug11_Aug20 ) 0.030268, 0.050396, 0.018639, 0.054206, 0.255279, 0.010874, 0.326118, 0.076501, 0.119870, 0.009154, 0.048695;
    ( Aug20_Sep15 ) 0.090844, 0.090968, 0.090865, 0.090850, 0.090881, 0.090803, 0.090997, 0.090893, 0.091009, 0.090996, 0.090894;
};

probability ( ScenRelAMCIN | Scenario ) {
    ( A ) 0.793742, 0.206258;
    ( B ) 0.984815, 0.015185;
    ( C ) 0.719210, 0.280790;
    ( D ) 0.177397, 0.822603;
    ( E ) 0.844602, 0.155398;
    ( F ) 0.664069, 0.335931;
    ( G ) 0.527967, 0.472033;
    ( H ) 0.169980, 0.830020;
    ( I ) 0.315014, 0.684986;
    ( J ) 0.603367, 0.396633;
    ( K ) 0.067273, 0.932727;
};

probability ( MorningCIN ) {
    table 0.406192, 0.110723, 0.142324, 0.340761;
};

probability ( AMCINInScen | ScenRelAMCIN, MorningCIN ) {
    ( AB, None ) 0.096531, 0.341795, 0.561675;
    ( CThruK, None ) 0.102730, 0.808456, 0.088814;
    ( AB, PartInhibit ) 0.353098, 0.475809, 0.171093;
    ( CThruK, PartInhibit ) 0.252598, 0.443974, 0.303428;
    ( AB, Stifling ) 0.120699, 0.268011, 0.611290;
    ( CThruK, Stifling ) 0.820976, 0.065440, 0.113584;
    ( AB, TotalInhibit ) 0.366756, 0.052448, 0.580795;
    ( CThruK, TotalInhibit ) 0.506779, 0.405413, 0.087808;
};

probability ( CapInScen | AMCINInScen, CapChange ) {
    ( LessThanAve, Decreasing ) 0.320715, 0.043812, 0.635473;
    ( Average, Decreasing ) 0.390293, 0.334552, 0.275156;
    ( MoreThanAve, Decreasing ) 0.167624, 0.578233, 0.254144;
    ( LessThanAve, LittleChange ) 0.048116, 0.718040, 0.233844;
    ( Average, LittleChange ) 0.106717, 0.686886, 0.206398;
    ( MoreThanAve, LittleChange ) 0.132776, 0.369164, 0.498060;
    ( LessThanAve, Increasing ) 0.306729, 0.371596, 0.321675;
    ( Average, Increasing ) 0.156556, 0.201190, 0.642254;
    ( MoreThanAve, Increasing ) 0.825594, 0.124149, 0.050257;
};

probability ( ScenRelAMIns | Scenario ) {
    ( A ) 0.052726, 0.121477, 0.222796, 0.131645, 0.099907, 0.371450;
    ( B ) 0.057840, 0.031085, 0.017650, 0.049833, 0.230940, 0.612652;
    ( C ) 0.022847, 0.227515, 0.126410, 0.090087, 0.436541, 0.096602;
    ( D ) 0.517930, 0.124676, 0.007388, 0.114309, 0.174759, 0.060937;
    ( E ) 0.239166, 0.049789, 0.237115, 0.019228, 0.211003, 0.243699;
    ( F ) 0.135563, 0.120641, 0.120188, 0.078527, 0.069795, 0.475287;
    ( G ) 0.131301, 0.360915, 0.003706, 0.200058, 0.221705, 0.082317;
    ( H ) 0.065783, 0.297489, 0.025350, 0.505147, 0.032143, 0.074088;
    ( I ) 0.217905, 0.092448, 0.429828, 0.108199, 0.006798, 0.144821;
    ( J ) 0.022515, 0.010506, 0.049761, 0.313524, 0.133864, 0.469830;
    ( K ) 0.190133, 0.386564, 0.070889, 0.104624, 0.094966, 0.152825;
};

probability ( LIfr12ZDENSd ) {
    table 0.356337, 0.058096, 0.009678, 0.575890;
};

probability ( AMDewptCalPl ) {
    table 0.018016, 0.567439, 0.414545;
};

probability ( AMInsWliScen | ScenRelAMIns, LIfr12ZDENSd, AMDewptCalPl ) {
    ( ABI, LIGt0, Instability ) 0.225177, 0.404827, 0.369996;
    ( CDEJ, LIGt0, Instability ) 0.366955, 0.159214, 0.473830;
    ( F, LIGt0, Instability ) 0.242121, 0.175018, 0.582861;
    ( G, LIGt0, Instability ) 0.377770, 0.069280, 0.552950;
    ( H, LIGt0, Instability ) 0.278768, 0.045415, 0.675818;
    ( K, LIGt0, Instability ) 0.452659, 0.291115, 0.256226;
    ( ABI, N1GtLIGt_4, Instability ) 0.537922, 0.233248, 0.228831;
    ( CDEJ, N1GtLIGt_4, Instability ) 0.357044, 0.239290, 0.403666;
    ( F, N1GtLIGt_4, Instability ) 0.294358, 0.418398, 0.287244;
    ( G, N1GtLIGt_4, Instability ) 0.303108, 0.285031, 0.411861;
    ( H, N1GtLIGt_4, Instability ) 0.251358, 0.501330, 0.247312;
    ( K, N1GtLIGt_4, Instability ) 0.188864, 0.365444, 0.445692;
    ( ABI, N5GtLIGt_8, Instability ) 0.332659, 0.334683, 0.332659;
    ( CDEJ, N5GtLIGt_8, Instability ) 0.280257, 0.280240, 0.439504;
    ( F, N5GtLIGt_8, Instability ) 0.337207, 0.331400, 0.331392;
    ( G, N5GtLIGt_8, Instability ) 0.374552, 0.385923, 0.239525;
    ( H, N5GtLIGt_8, Instability ) 0.333337, 0.333327, 0.333337;
    ( K, N5GtLIGt_8, Instability ) 0.333334, 0.333334, 0.333332;
    ( ABI, LILt_8, Instability ) 0.165372, 0.789762, 0.044866;
    ( CDEJ, LILt_8, Instability ) 0.648297, 0.244021, 0.107682;
    ( F, LILt_8, Instability ) 0.233350, 0.154478, 0.612172;
    ( G, LILt_8, Instability ) 0.907141, 0.055445, 0.037414;
    ( H, LILt_8, Instability ) 0.302535, 0.296005, 0.401459;
    ( K, LILt_8, Instability ) 0.305080, 0.525367, 0.169553;
    ( ABI, LIGt0, Neutral ) 0.105780, 0.542906, 0.351314;
    ( CDEJ, LIGt0, Neutral ) 0.633898, 0.238037, 0.128065;
    ( F, LIGt0, Neutral ) 0.029442, 0.575692, 0.394866;
    ( G, LIGt0, Neutral ) 0.001598, 0.425390, 0.573012;
    ( H, LIGt0, Neutral ) 0.087812, 0.087851, 0.824337;
    ( K, LIGt0, Neutral ) 0.053337, 0.821579, 0.125084;
    ( ABI, N1GtLIGt_4, Neutral ) 0.882212, 0.056819, 0.060970;
    ( CDEJ, N1GtLIGt_4, Neutral ) 0.291436, 0.540333, 0.168231;
    ( F, N1GtLIGt_4, Neutral ) 0.484825, 0.351994, 0.163181;
    ( G, N1GtLIGt_4, Neutral ) 0.196583, 0.085634, 0.717783;
    ( H, N1GtLIGt_4, Neutral ) 0.272273, 0.339913, 0.387814;
    ( K, N1GtLIGt_4, Neutral ) 0.171528, 0.188550, 0.639922;
    ( ABI, N5GtLIGt_8, Neutral ) 0.556273, 0.124481, 0.319246;
    ( CDEJ, N5GtLIGt_8, Neutral ) 0.162710, 0.320518, 0.516772;
    ( F, N5GtLIGt_8, Neutral ) 0.834809, 0.083040, 0.082151;
    ( G, N5GtLIGt_8, Neutral ) 0.154256, 0.606059, 0.239685;
    ( H, N5GtLIGt_8, Neutral ) 0.333390, 0.577780, 0.088830;
    ( K, N5GtLIGt_8, Neutral ) 0.051814, 0.617356, 0.330830;
    ( ABI, LILt_8, Neutral ) 0.355063, 0.281063, 0.363875;
    ( CDEJ, LILt_8, Neutral ) 0.033001, 0.938005, 0.028994;
    ( F, LILt_8, Neutral ) 0.399604, 0.483261, 0.117135;
    ( G, LILt_8, Neutral ) 0.012781, 0.464774, 0.522445;
    ( H, LILt_8, Neutral ) 0.053356, 0.465358, 0.481287;
    ( K, LILt_8, Neutral ) 0.458899, 0.082310, 0.458791;
    ( ABI, LIGt0, Stability ) 0.535519, 0.008519, 0.455962;
    ( CDEJ, LIGt0, Stability ) 0.080624, 0.168063, 0.751314;
    ( F, LIGt0, Stability ) 0.112962, 0.383353, 0.503685;
    ( G, LIGt0, Stability ) 0.254324, 0.572573, 0.173103;
    ( H, LIGt0, Stability ) 0.260915, 0.381935, 0.357150;
    ( K, LIGt0, Stability ) 0.161643, 0.760929, 0.077428;
    ( ABI, N1GtLIGt_4, Stability ) 0.063986, 0.428076, 0.507938;
    ( CDEJ, N1GtLIGt_4, Stability ) 0.439541, 0.190645, 0.369815;
    ( F, N1GtLIGt_4, Stability ) 0.293751, 0.551468, 0.154781;
    ( G, N1GtLIGt_4, Stability ) 0.346879, 0.019899, 0.633222;
    ( H, N1GtLIGt_4, Stability ) 0.493485, 0.443656, 0.062859;
    ( K, N1GtLIGt_4, Stability ) 0.608103, 0.185079, 0.206818;
    ( ABI, N5GtLIGt_8, Stability ) 0.144634, 0.376839, 0.478527;
    ( CDEJ, N5GtLIGt_8, Stability ) 0.230190, 0.202732, 0.567078;
    ( F, N5GtLIGt_8, Stability ) 0.227825, 0.477885, 0.294290;
    ( G, N5GtLIGt_8, Stability ) 0.440249, 0.294332, 0.265419;
    ( H, N5GtLIGt_8, Stability ) 0.080403, 0.731067, 0.188530;
    ( K, N5GtLIGt_8, Stability ) 0.107718, 0.462277, 0.430005;
    ( ABI, LILt_8, Stability ) 0.542746, 0.213239, 0.244015;
    ( CDEJ, LILt_8, Stability ) 0.081623, 0.839462, 0.078915;
    ( F, LILt_8, Stability ) 0.191720, 0.185638, 0.622642;
    ( G, LILt_8, Stability ) 0.093188, 0.730051, 0.176761;
    ( H, LILt_8, Stability ) 0.517052, 0.383685, 0.099263;
    ( K, LILt_8, Stability ) 0.344956, 0.596181, 0.058863;
};

probability ( InsSclInScen | AMInsWliScen, InsChange ) {
    ( LessUnstable, Decreasing ) 0.025673, 0.637261, 0.337066;
    ( Average, Decreasing ) 0.287203, 0.218058, 0.494739;
    ( MoreUnstable, Decreasing ) 0.441138, 0.202808, 0.356054;
    ( LessUnstable, LittleChange ) 0.555880, 0.432767, 0.011353;
    ( Average, LittleChange ) 0.075723, 0.479352, 0.444925;
    ( MoreUnstable, LittleChange ) 0.477727, 0.011217, 0.511056;
    ( LessUnstable, Increasing ) 0.335657, 0.387609, 0.276733;
    ( Average, Increasing ) 0.197983, 0.375864, 0.426153;
    ( MoreUnstable, Increasing ) 0.583957, 0.178709, 0.237334;
};

probability ( ScenRel3_4 | Scenario ) {
    ( A ) 0.193223, 0.132131, 0.361979, 0.023243, 0.289424;
    ( B ) 0.040338, 0.199192, 0.083786, 0.261529, 0.415156;
    ( C ) 0.166375, 0.119004, 0.048539, 0.167099, 0.498983;
    ( D ) 0.372299, 0.127037, 0.298997, 0.127281, 0.074387;
    ( E ) 0.632156, 0.093040, 0.078865, 0.032187, 0.163751;
    ( F ) 0.194010, 0.228916, 0.067063, 0.230105, 0.279905;
    ( G ) 0.000295, 0.729084, 0.145017, 0.072043, 0.053561;
    ( H ) 0.140186, 0.203637, 0.044895, 0.408370, 0.202912;
    ( I ) 0.132157, 0.147526, 0.381822, 0.017593, 0.320901;
    ( J ) 0.321331, 0.228498, 0.038223, 0.096280, 0.315668;
    ( K ) 0.140478, 0.430234, 0.023346, 0.123252, 0.282690;
};

probability ( LatestCIN ) {
    table 0.226578, 0.309141, 0.161758, 0.302523;
};

probability ( LLIW ) {
    table 0.321773, 0.136423, 0.401997, 0.139807;
};

probability ( CurPropConv | LatestCIN, LLIW ) {
    ( None, Unfavorable ) 0.580534, 0.040624, 0.199086, 0.179757;
    ( PartInhibit, Unfavorable ) 0.025312, 0.364925, 0.437451, 0.172312;
    ( Stifling, Unfavorable ) 0.033726, 0.182349, 0.206432, 0.577493;
    ( TotalInhibit, Unfavorable ) 0.507909, 0.000549, 0.414984, 0.076558;
    ( None, Weak ) 0.088816, 0.363824, 0.452466, 0.094894;
    ( PartInhibit, Weak ) 0.386974, 0.285886, 0.125887, 0.201253;
    ( Stifling, Weak ) 0.719925, 0.030548, 0.014592, 0.234935;
    ( TotalInhibit, Weak ) 0.384839, 0.133222, 0.366049, 0.115889;
    ( None, Moderate ) 0.400517, 0.111871, 0.171804, 0.315808;
    ( PartInhibit, Moderate ) 0.054359, 0.383237, 0.156388, 0.406017;
    ( Stifling, Moderate ) 0.299684, 0.070591, 0.122640, 0.507086;
    ( TotalInhibit, Moderate ) 0.067536, 0.416971, 0.302980, 0.212512;
    ( None, Strong ) 0.419830, 0.331845, 0.058045, 0.190280;
    ( PartInhibit, Strong ) 0.453885, 0.149841, 0.292670, 0.103604;
    ( Stifling, Strong ) 0.338925, 0.150692, 0.109030, 0.401354;
    ( TotalInhibit, Strong ) 0.077485, 0.107753, 0.037040, 0.777721;
};

probability ( ScnRelPlFcst | Scenario ) {
    ( A ) 0.104030, 0.076405, 0.014818, 0.011756, 0.009191, 0.096552, 0.287317, 0.137204, 0.213831, 0.014086, 0.034812;
    ( B ) 0.348560, 0.102983, 0.056917, 0.009349, 0.146424, 0.049563, 0.178316, 0.026253, 0.045302, 0.006797, 0.029535;
    ( C ) 0.050961, 0.138666, 0.004843, 0.104745, 0.100998, 0.200302, 0.051149, 0.135335, 0.059427, 0.064272, 0.089304;
    ( D ) 0.163484, 0.078151, 0.049784, 0.123135, 0.000644, 0.044342, 0.399894, 0.040922, 0.045022, 0.033633, 0.020989;
    ( E ) 0.220252, 0.324012, 0.046114, 0.026312, 0.056089, 0.000369, 0.070819, 0.037569, 0.177580, 0.021993, 0.018890;
    ( F ) 0.351238, 0.166462, 0.032735, 0.013020, 0.063094, 0.163707, 0.083472, 0.024496, 0.053358, 0.047262, 0.001158;
