// Bayesian Network (Learned via Multi-Start Full-Batch EM)

variable N0_7muVerMo {
  type discrete [ 4 ] = { StrongUp, WeakUp, Neutral, Down };
};
variable SubjVertMo {
  type discrete [ 4 ] = { StronUp, WeakUp, Neutral, Down };
};
variable QGVertMotion {
  type discrete [ 4 ] = { StrongUp, WeakUp, Neutral, Down };
};
variable CombVerMo {
  type discrete [ 4 ] = { StrongUp, WeakUp, Neutral, Down };
};
variable AreaMeso_ALS {
  type discrete [ 4 ] = { StrongUp, WeakUp, Neutral, Down };
};
variable SatContMoist {
  type discrete [ 4 ] = { VeryWet, Wet, Neutral, Dry };
};
variable RaoContMoist {
  type discrete [ 4 ] = { VeryWet, Wet, Neutral, Dry };
};
variable CombMoisture {
  type discrete [ 4 ] = { VeryWet, Wet, Neutral, Dry };
};
variable AreaMoDryAir {
  type discrete [ 4 ] = { VeryWet, Wet, Neutral, Dry };
};
variable VISCloudCov {
  type discrete [ 3 ] = { Cloudy, PC, Clear };
};
variable IRCloudCover {
  type discrete [ 3 ] = { Cloudy, PC, Clear };
};
variable CombClouds {
  type discrete [ 3 ] = { Cloudy, PC, Clear };
};
variable CldShadeOth {
  type discrete [ 3 ] = { Cloudy, PC, Clear };
};
variable AMInstabMt {
  type discrete [ 3 ] = { None, Weak, Strong };
};
variable InsInMt {
  type discrete [ 3 ] = { None, Weak, Strong };
};
variable WndHodograph {
  type discrete [ 4 ] = { DCVZFavor, StrongWest, Westerly, Other };
};
variable OutflowFrMt {
  type discrete [ 3 ] = { None, Weak, Strong };
};
variable MorningBound {
  type discrete [ 3 ] = { None, Weak, Strong };
};
variable Boundaries {
  type discrete [ 3 ] = { None, Weak, Strong };
};
variable CldShadeConv {
  type discrete [ 3 ] = { None, Some, Marked };
};
variable CompPlFcst {
  type discrete [ 3 ] = { IncCapDecIns, LittleChange, DecCapIncIns };
};
variable CapChange {
  type discrete [ 3 ] = { Decreasing, LittleChange, Increasing };
};
variable LoLevMoistAd {
  type discrete [ 4 ] = { StrongPos, WeakPos, Neutral, Negative };
};
variable InsChange {
  type discrete [ 3 ] = { Decreasing, LittleChange, Increasing };
};
variable MountainFcst {
  type discrete [ 3 ] = { XNIL, SIG, SVR };
};
variable Date {
  type discrete [ 6 ] = { May15_Jun14, Jun15_Jul1, Jul2_Jul15, Jul16_Aug10, Aug11_Aug20, Aug20_Sep15 };
};
variable Scenario {
  type discrete [ 11 ] = { A, B, C, D, E, F, G, H, I, J, K };
};
variable ScenRelAMCIN {
  type discrete [ 2 ] = { AB, CThruK };
};
variable MorningCIN {
  type discrete [ 4 ] = { None, PartInhibit, Stifling, TotalInhibit };
};
variable AMCINInScen {
  type discrete [ 3 ] = { LessThanAve, Average, MoreThanAve };
};
variable CapInScen {
  type discrete [ 3 ] = { LessThanAve, Average, MoreThanAve };
};
variable ScenRelAMIns {
  type discrete [ 6 ] = { ABI, CDEJ, F, G, H, K };
};
variable LIfr12ZDENSd {
  type discrete [ 4 ] = { LIGt0, N1GtLIGt_4, N5GtLIGt_8, LILt_8 };
};
variable AMDewptCalPl {
  type discrete [ 3 ] = { Instability, Neutral, Stability };
};
variable AMInsWliScen {
  type discrete [ 3 ] = { LessUnstable, Average, MoreUnstable };
};
variable InsSclInScen {
  type discrete [ 3 ] = { LessUnstable, Average, MoreUnstable };
};
variable ScenRel3_4 {
  type discrete [ 5 ] = { ACEFK, B, D, GJ, HI };
};
variable LatestCIN {
  type discrete [ 4 ] = { None, PartInhibit, Stifling, TotalInhibit };
};
variable LLIW {
  type discrete [ 4 ] = { Unfavorable, Weak, Moderate, Strong };
};
variable CurPropConv {
  type discrete [ 4 ] = { None, Slight, Moderate, Strong };
};
variable ScnRelPlFcst {
  type discrete [ 11 ] = { A, B, C, D, E, F, G, H, I, J, K };
};
variable PlainsFcst {
  type discrete [ 3 ] = { XNIL, SIG, SVR };
};
variable N34StarFcst {
  type discrete [ 3 ] = { XNIL, SIG, SVR };
};
variable R5Fcst {
  type discrete [ 3 ] = { XNIL, SIG, SVR };
};
variable Dewpoints {
  type discrete [ 7 ] = { LowEvrywhere, LowAtStation, LowSHighN, LowNHighS, LowMtsHighPl, HighEvrywher, Other };
};
variable LowLLapse {
  type discrete [ 4 ] = { CloseToDryAd, Steep, ModerateOrLe, Stable };
};
variable MeanRH {
  type discrete [ 3 ] = { VeryMoist, Average, Dry };
};
variable MidLLapse {
  type discrete [ 3 ] = { CloseToDryAd, Steep, ModerateOrLe };
};
variable MvmtFeatures {
  type discrete [ 4 ] = { StrongFront, MarkedUpper, OtherRapid, NoMajor };
};
variable RHRatio {
  type discrete [ 3 ] = { MoistMDryL, DryMMoistL, Other };
};
variable SfcWndShfDis {
  type discrete [ 7 ] = { DenvCyclone, E_W_N, E_W_S, MovingFtorOt, DryLine, None, Other };
};
variable SynForcng {
  type discrete [ 5 ] = { SigNegative, NegToPos, SigPositive, PosToNeg, LittleChange };
};
variable TempDis {
  type discrete [ 4 ] = { QStationary, Moving, None, Other };
};
variable WindAloft {
  type discrete [ 4 ] = { LV, SWQuad, NWQuad, AllElse };
};
variable WindFieldMt {
  type discrete [ 2 ] = { Westerly, LVorOther };
};
variable WindFieldPln {
  type discrete [ 6 ] = { LV, DenvCyclone, LongAnticyc, E_NE, SEQuad, WidespdDnsl };
};
probability ( N0_7muVerMo ) {
    table 0.503662, 0.340577, 0.068743, 0.087018;
};

probability ( SubjVertMo ) {
    table 0.521973, 0.081019, 0.218080, 0.178927;
};

probability ( QGVertMotion ) {
    table 0.096215, 0.568134, 0.298663, 0.036987;
};

probability ( CombVerMo | N0_7muVerMo, SubjVertMo, QGVertMotion ) {
    ( StrongUp, StronUp, StrongUp ) 0.420894, 0.128527, 0.142616, 0.307963;
    ( WeakUp, StronUp, StrongUp ) 0.377341, 0.072701, 0.354476, 0.195482;
    ( Neutral, StronUp, StrongUp ) 0.462982, 0.091440, 0.169704, 0.275874;
    ( Down, StronUp, StrongUp ) 0.337323, 0.238117, 0.035172, 0.389387;
    ( StrongUp, WeakUp, StrongUp ) 0.187850, 0.378648, 0.225612, 0.207890;
    ( WeakUp, WeakUp, StrongUp ) 0.450520, 0.178234, 0.344726, 0.026520;
    ( Neutral, WeakUp, StrongUp ) 0.407137, 0.349441, 0.116480, 0.126941;
    ( Down, WeakUp, StrongUp ) 0.416667, 0.083333, 0.250000, 0.250000;
    ( StrongUp, Neutral, StrongUp ) 0.104798, 0.005820, 0.281535, 0.607847;
    ( WeakUp, Neutral, StrongUp ) 0.167676, 0.295791, 0.082308, 0.454224;
    ( Neutral, Neutral, StrongUp ) 0.276709, 0.317848, 0.328909, 0.076535;
    ( Down, Neutral, StrongUp ) 0.306756, 0.316104, 0.123206, 0.253934;
    ( StrongUp, Down, StrongUp ) 0.260516, 0.126460, 0.197776, 0.415247;
    ( WeakUp, Down, StrongUp ) 0.254905, 0.048840, 0.386955, 0.309299;
    ( Neutral, Down, StrongUp ) 0.225408, 0.143260, 0.306851, 0.324481;
    ( Down, Down, StrongUp ) 0.027128, 0.198622, 0.746775, 0.027475;
    ( StrongUp, StronUp, WeakUp ) 0.008141, 0.413411, 0.316358, 0.262090;
    ( WeakUp, StronUp, WeakUp ) 0.150262, 0.227184, 0.323390, 0.299165;
    ( Neutral, StronUp, WeakUp ) 0.017024, 0.159378, 0.745712, 0.077885;
    ( Down, StronUp, WeakUp ) 0.290897, 0.040917, 0.364854, 0.303331;
    ( StrongUp, WeakUp, WeakUp ) 0.321376, 0.101419, 0.363519, 0.213685;
    ( WeakUp, WeakUp, WeakUp ) 0.139487, 0.092432, 0.575573, 0.192509;
    ( Neutral, WeakUp, WeakUp ) 0.402477, 0.137298, 0.294774, 0.165452;
    ( Down, WeakUp, WeakUp ) 0.128725, 0.055639, 0.509091, 0.306545;
    ( StrongUp, Neutral, WeakUp ) 0.366779, 0.267732, 0.126562, 0.238926;
    ( WeakUp, Neutral, WeakUp ) 0.152013, 0.330534, 0.249641, 0.267812;
    ( Neutral, Neutral, WeakUp ) 0.237970, 0.183773, 0.028579, 0.549678;
    ( Down, Neutral, WeakUp ) 0.067270, 0.439580, 0.134129, 0.359022;
    ( StrongUp, Down, WeakUp ) 0.103303, 0.282332, 0.459404, 0.154961;
    ( WeakUp, Down, WeakUp ) 0.107712, 0.503061, 0.080195, 0.309032;
    ( Neutral, Down, WeakUp ) 0.107899, 0.008338, 0.843107, 0.040656;
    ( Down, Down, WeakUp ) 0.087836, 0.274933, 0.220103, 0.417127;
    ( StrongUp, StronUp, Neutral ) 0.247353, 0.551538, 0.071795, 0.129314;
    ( WeakUp, StronUp, Neutral ) 0.444246, 0.024897, 0.295701, 0.235157;
    ( Neutral, StronUp, Neutral ) 0.250338, 0.312818, 0.343574, 0.093271;
    ( Down, StronUp, Neutral ) 0.401506, 0.250917, 0.224435, 0.123142;
    ( StrongUp, WeakUp, Neutral ) 0.547318, 0.014403, 0.294850, 0.143429;
    ( WeakUp, WeakUp, Neutral ) 0.375547, 0.371002, 0.046460, 0.206992;
    ( Neutral, WeakUp, Neutral ) 0.713454, 0.204131, 0.041743, 0.040672;
    ( Down, WeakUp, Neutral ) 0.695455, 0.069623, 0.023114, 0.211807;
    ( StrongUp, Neutral, Neutral ) 0.115788, 0.343489, 0.450737, 0.089986;
    ( WeakUp, Neutral, Neutral ) 0.413644, 0.160162, 0.124897, 0.301298;
    ( Neutral, Neutral, Neutral ) 0.122230, 0.353613, 0.047327, 0.476830;
    ( Down, Neutral, Neutral ) 0.603957, 0.007907, 0.151884, 0.236253;
    ( StrongUp, Down, Neutral ) 0.104073, 0.758360, 0.048672, 0.088894;
    ( WeakUp, Down, Neutral ) 0.498018, 0.078191, 0.336319, 0.087472;
    ( Neutral, Down, Neutral ) 0.013996, 0.632790, 0.247187, 0.106027;
    ( Down, Down, Neutral ) 0.204596, 0.050023, 0.207724, 0.537657;
    ( StrongUp, StronUp, Down ) 0.142421, 0.075939, 0.577281, 0.204359;
    ( WeakUp, StronUp, Down ) 0.242703, 0.107247, 0.626375, 0.023675;
    ( Neutral, StronUp, Down ) 0.358718, 0.315702, 0.244406, 0.081173;
    ( Down, StronUp, Down ) 0.143331, 0.693673, 0.078776, 0.084219;
    ( StrongUp, WeakUp, Down ) 0.437529, 0.033036, 0.031311, 0.498124;
    ( WeakUp, WeakUp, Down ) 0.054574, 0.054574, 0.055771, 0.835081;
    ( Neutral, WeakUp, Down ) 0.254774, 0.082803, 0.579620, 0.082803;
    ( Down, WeakUp, Down ) 0.150055, 0.169805, 0.542301, 0.137839;
    ( StrongUp, Neutral, Down ) 0.082508, 0.062933, 0.116277, 0.738283;
    ( WeakUp, Neutral, Down ) 0.611292, 0.019189, 0.352517, 0.017002;
    ( Neutral, Neutral, Down ) 0.158983, 0.175396, 0.611254, 0.054367;
    ( Down, Neutral, Down ) 0.039253, 0.316872, 0.040117, 0.603759;
    ( StrongUp, Down, Down ) 0.042219, 0.344798, 0.434700, 0.178284;
    ( WeakUp, Down, Down ) 0.187198, 0.142777, 0.425302, 0.244723;
    ( Neutral, Down, Down ) 0.210793, 0.075052, 0.362834, 0.351321;
    ( Down, Down, Down ) 0.068327, 0.227364, 0.358441, 0.345868;
};

probability ( AreaMeso_ALS | CombVerMo ) {
    ( StrongUp ) 0.376277, 0.053992, 0.195959, 0.373773;
    ( WeakUp ) 0.495572, 0.155047, 0.110773, 0.238608;
    ( Neutral ) 0.682251, 0.144986, 0.108355, 0.064408;
    ( Down ) 0.216679, 0.366065, 0.009036, 0.408219;
};

probability ( SatContMoist ) {
    table 0.068887, 0.479408, 0.212772, 0.238933;
};

probability ( RaoContMoist ) {
    table 0.399301, 0.521048, 0.020281, 0.059368;
};

probability ( CombMoisture | SatContMoist, RaoContMoist ) {
    ( VeryWet, VeryWet ) 0.310251, 0.564187, 0.045249, 0.080314;
    ( Wet, VeryWet ) 0.236527, 0.030652, 0.687522, 0.045299;
    ( Neutral, VeryWet ) 0.094757, 0.489780, 0.298908, 0.116555;
    ( Dry, VeryWet ) 0.315246, 0.309960, 0.179701, 0.195092;
    ( VeryWet, Wet ) 0.055795, 0.004672, 0.139035, 0.800498;
    ( Wet, Wet ) 0.596968, 0.011840, 0.290906, 0.100287;
    ( Neutral, Wet ) 0.130886, 0.067969, 0.511395, 0.289750;
    ( Dry, Wet ) 0.387101, 0.116536, 0.365565, 0.130797;
    ( VeryWet, Neutral ) 0.362403, 0.051029, 0.534927, 0.051640;
    ( Wet, Neutral ) 0.479472, 0.074784, 0.371606, 0.074138;
    ( Neutral, Neutral ) 0.506916, 0.171360, 0.055418, 0.266306;
    ( Dry, Neutral ) 0.539609, 0.356501, 0.042509, 0.061381;
    ( VeryWet, Dry ) 0.191203, 0.207475, 0.163898, 0.437424;
    ( Wet, Dry ) 0.705326, 0.013257, 0.207814, 0.073604;
    ( Neutral, Dry ) 0.012887, 0.055325, 0.216505, 0.715284;
    ( Dry, Dry ) 0.522756, 0.441360, 0.018107, 0.017777;
};

probability ( AreaMoDryAir | AreaMeso_ALS, CombMoisture ) {
    ( StrongUp, VeryWet ) 0.509547, 0.187464, 0.101498, 0.201491;
    ( WeakUp, VeryWet ) 0.118054, 0.461298, 0.048394, 0.372254;
    ( Neutral, VeryWet ) 0.083179, 0.067883, 0.168196, 0.680742;
    ( Down, VeryWet ) 0.287781, 0.471144, 0.233570, 0.007506;
    ( StrongUp, Wet ) 0.513209, 0.203604, 0.126245, 0.156942;
    ( WeakUp, Wet ) 0.886108, 0.055073, 0.029103, 0.029716;
    ( Neutral, Wet ) 0.160692, 0.588714, 0.096403, 0.154190;
    ( Down, Wet ) 0.051285, 0.477928, 0.432155, 0.038633;
    ( StrongUp, Neutral ) 0.386648, 0.029811, 0.566366, 0.017176;
    ( WeakUp, Neutral ) 0.337425, 0.220841, 0.024070, 0.417664;
    ( Neutral, Neutral ) 0.713263, 0.073264, 0.162715, 0.050758;
    ( Down, Neutral ) 0.066933, 0.578954, 0.147567, 0.206545;
    ( StrongUp, Dry ) 0.338161, 0.028852, 0.513878, 0.119110;
    ( WeakUp, Dry ) 0.134805, 0.531632, 0.213915, 0.119648;
    ( Neutral, Dry ) 0.728056, 0.075980, 0.023203, 0.172761;
    ( Down, Dry ) 0.468324, 0.227225, 0.100165, 0.204287;
};

probability ( VISCloudCov ) {
    table 0.547799, 0.072597, 0.379604;
};

probability ( IRCloudCover ) {
    table 0.490569, 0.447503, 0.061929;
};

probability ( CombClouds | VISCloudCov, IRCloudCover ) {
    ( Cloudy, Cloudy ) 0.379377, 0.227983, 0.392641;
    ( PC, Cloudy ) 0.044488, 0.577393, 0.378119;
    ( Clear, Cloudy ) 0.756472, 0.124851, 0.118676;
    ( Cloudy, PC ) 0.348155, 0.387770, 0.264075;
    ( PC, PC ) 0.031154, 0.934348, 0.034499;
    ( Clear, PC ) 0.325087, 0.569738, 0.105175;
    ( Cloudy, Clear ) 0.177542, 0.667205, 0.155253;
    ( PC, Clear ) 0.518288, 0.128351, 0.353361;
    ( Clear, Clear ) 0.025909, 0.439913, 0.534177;
};

probability ( CldShadeOth | AreaMoDryAir, AreaMeso_ALS, CombClouds ) {
    ( VeryWet, StrongUp, Cloudy ) 0.092500, 0.358358, 0.549142;
    ( Wet, StrongUp, Cloudy ) 0.082693, 0.619380, 0.297927;
    ( Neutral, StrongUp, Cloudy ) 0.782254, 0.118400, 0.099346;
    ( Dry, StrongUp, Cloudy ) 0.435737, 0.263493, 0.300770;
    ( VeryWet, WeakUp, Cloudy ) 0.573187, 0.088001, 0.338812;
    ( Wet, WeakUp, Cloudy ) 0.189157, 0.600270, 0.210573;
    ( Neutral, WeakUp, Cloudy ) 0.219807, 0.564770, 0.215422;
    ( Dry, WeakUp, Cloudy ) 0.372406, 0.509811, 0.117784;
    ( VeryWet, Neutral, Cloudy ) 0.091840, 0.275780, 0.632380;
    ( Wet, Neutral, Cloudy ) 0.010186, 0.829621, 0.160193;
    ( Neutral, Neutral, Cloudy ) 0.550775, 0.251327, 0.197898;
    ( Dry, Neutral, Cloudy ) 0.093382, 0.349353, 0.557265;
    ( VeryWet, Down, Cloudy ) 0.626132, 0.340232, 0.033636;
    ( Wet, Down, Cloudy ) 0.205817, 0.412872, 0.381311;
    ( Neutral, Down, Cloudy ) 0.372730, 0.473571, 0.153698;
    ( Dry, Down, Cloudy ) 0.363208, 0.456547, 0.180245;
    ( VeryWet, StrongUp, PC ) 0.473288, 0.379681, 0.147030;
    ( Wet, StrongUp, PC ) 0.315313, 0.185658, 0.499029;
    ( Neutral, StrongUp, PC ) 0.682648, 0.248323, 0.069029;
    ( Dry, StrongUp, PC ) 0.499843, 0.217435, 0.282722;
    ( VeryWet, WeakUp, PC ) 0.586555, 0.014016, 0.399429;
    ( Wet, WeakUp, PC ) 0.495984, 0.029468, 0.474548;
    ( Neutral, WeakUp, PC ) 0.336267, 0.097314, 0.566419;
    ( Dry, WeakUp, PC ) 0.506743, 0.149839, 0.343418;
    ( VeryWet, Neutral, PC ) 0.081272, 0.226617, 0.692112;
    ( Wet, Neutral, PC ) 0.123077, 0.430068, 0.446855;
    ( Neutral, Neutral, PC ) 0.463471, 0.507662, 0.028868;
    ( Dry, Neutral, PC ) 0.071982, 0.631915, 0.296103;
    ( VeryWet, Down, PC ) 0.236496, 0.063482, 0.700022;
    ( Wet, Down, PC ) 0.496774, 0.340690, 0.162536;
    ( Neutral, Down, PC ) 0.578582, 0.379585, 0.041834;
    ( Dry, Down, PC ) 0.004603, 0.654330, 0.341066;
    ( VeryWet, StrongUp, Clear ) 0.622502, 0.156206, 0.221292;
    ( Wet, StrongUp, Clear ) 0.157816, 0.822223, 0.019961;
    ( Neutral, StrongUp, Clear ) 0.033098, 0.785861, 0.181041;
    ( Dry, StrongUp, Clear ) 0.828769, 0.053387, 0.117845;
    ( VeryWet, WeakUp, Clear ) 0.374822, 0.100069, 0.525108;
    ( Wet, WeakUp, Clear ) 0.094908, 0.487273, 0.417819;
    ( Neutral, WeakUp, Clear ) 0.620058, 0.030437, 0.349505;
    ( Dry, WeakUp, Clear ) 0.054412, 0.010802, 0.934786;
    ( VeryWet, Neutral, Clear ) 0.368841, 0.340056, 0.291103;
    ( Wet, Neutral, Clear ) 0.166780, 0.231978, 0.601241;
    ( Neutral, Neutral, Clear ) 0.111938, 0.675343, 0.212720;
    ( Dry, Neutral, Clear ) 0.381944, 0.388189, 0.229866;
    ( VeryWet, Down, Clear ) 0.004482, 0.153213, 0.842305;
    ( Wet, Down, Clear ) 0.279235, 0.612049, 0.108717;
    ( Neutral, Down, Clear ) 0.516004, 0.238244, 0.245752;
    ( Dry, Down, Clear ) 0.352286, 0.189005, 0.458710;
};

probability ( AMInstabMt ) {
    table 0.628577, 0.040045, 0.331378;
};

probability ( InsInMt | CldShadeOth, AMInstabMt ) {
    ( Cloudy, None ) 0.074910, 0.000220, 0.924869;
    ( PC, None ) 0.512408, 0.415371, 0.072222;
    ( Clear, None ) 0.076060, 0.223554, 0.700386;
    ( Cloudy, Weak ) 0.889496, 0.062288, 0.048216;
    ( PC, Weak ) 0.086208, 0.494011, 0.419780;
    ( Clear, Weak ) 0.466589, 0.203867, 0.329544;
    ( Cloudy, Strong ) 0.788826, 0.122538, 0.088636;
    ( PC, Strong ) 0.110403, 0.881502, 0.008095;
    ( Clear, Strong ) 0.240016, 0.235649, 0.524335;
};

probability ( WndHodograph ) {
    table 0.030417, 0.009155, 0.514381, 0.446048;
};

probability ( OutflowFrMt | InsInMt, WndHodograph ) {
    ( None, DCVZFavor ) 0.572900, 0.243093, 0.184006;
    ( Weak, DCVZFavor ) 0.425738, 0.238806, 0.335456;
    ( Strong, DCVZFavor ) 0.620516, 0.179450, 0.200035;
    ( None, StrongWest ) 0.180895, 0.557281, 0.261823;
    ( Weak, StrongWest ) 0.016379, 0.801077, 0.182544;
    ( Strong, StrongWest ) 0.494058, 0.039897, 0.466045;
    ( None, Westerly ) 0.110909, 0.718381, 0.170710;
    ( Weak, Westerly ) 0.573904, 0.305826, 0.120271;
    ( Strong, Westerly ) 0.648432, 0.033790, 0.317778;
    ( None, Other ) 0.740744, 0.017443, 0.241813;
    ( Weak, Other ) 0.086382, 0.411889, 0.501728;
    ( Strong, Other ) 0.102712, 0.506804, 0.390484;
};

probability ( MorningBound ) {
    table 0.000051, 0.543224, 0.456727;
};

probability ( Boundaries | OutflowFrMt, WndHodograph, MorningBound ) {
    ( None, DCVZFavor, None ) 0.333353, 0.333349, 0.333298;
    ( Weak, DCVZFavor, None ) 0.333333, 0.333333, 0.333333;
    ( Strong, DCVZFavor, None ) 0.333309, 0.333353, 0.333338;
    ( None, StrongWest, None ) 0.333354, 0.333323, 0.333323;
    ( Weak, StrongWest, None ) 0.333333, 0.333333, 0.333333;
    ( Strong, StrongWest, None ) 0.333325, 0.333325, 0.333350;
    ( None, Westerly, None ) 0.333294, 0.333449, 0.333256;
    ( Weak, Westerly, None ) 0.333337, 0.333276, 0.333387;
    ( Strong, Westerly, None ) 0.333373, 0.333333, 0.333293;
    ( None, Other, None ) 0.333505, 0.333136, 0.333359;
    ( Weak, Other, None ) 0.333206, 0.333463, 0.333331;
    ( Strong, Other, None ) 0.333248, 0.333360, 0.333391;
    ( None, DCVZFavor, Weak ) 0.701729, 0.195664, 0.102607;
    ( Weak, DCVZFavor, Weak ) 0.576113, 0.410308, 0.013579;
    ( Strong, DCVZFavor, Weak ) 0.488661, 0.071589, 0.439750;
    ( None, StrongWest, Weak ) 0.571841, 0.372024, 0.056135;
    ( Weak, StrongWest, Weak ) 0.344898, 0.028370, 0.626732;
    ( Strong, StrongWest, Weak ) 0.309994, 0.287153, 0.402853;
    ( None, Westerly, Weak ) 0.370746, 0.124036, 0.505218;
    ( Weak, Westerly, Weak ) 0.307954, 0.411309, 0.280737;
    ( Strong, Westerly, Weak ) 0.138175, 0.290419, 0.571405;
    ( None, Other, Weak ) 0.013223, 0.214228, 0.772549;
    ( Weak, Other, Weak ) 0.499432, 0.265935, 0.234633;
    ( Strong, Other, Weak ) 0.186502, 0.141062, 0.672437;
    ( None, DCVZFavor, Strong ) 0.067598, 0.736601, 0.195801;
    ( Weak, DCVZFavor, Strong ) 0.578234, 0.088096, 0.333670;
    ( Strong, DCVZFavor, Strong ) 0.192588, 0.472617, 0.334795;
    ( None, StrongWest, Strong ) 0.100579, 0.155778, 0.743643;
    ( Weak, StrongWest, Strong ) 0.299052, 0.390584, 0.310364;
    ( Strong, StrongWest, Strong ) 0.230899, 0.240052, 0.529049;
    ( None, Westerly, Strong ) 0.162290, 0.465872, 0.371838;
    ( Weak, Westerly, Strong ) 0.455085, 0.500813, 0.044102;
    ( Strong, Westerly, Strong ) 0.783832, 0.173785, 0.042383;
    ( None, Other, Strong ) 0.585124, 0.010006, 0.404870;
    ( Weak, Other, Strong ) 0.520534, 0.225555, 0.253911;
    ( Strong, Other, Strong ) 0.345944, 0.357071, 0.296985;
};

probability ( CldShadeConv | InsInMt, WndHodograph ) {
    ( None, DCVZFavor ) 0.305664, 0.335019, 0.359316;
    ( Weak, DCVZFavor ) 0.506470, 0.329502, 0.164027;
    ( Strong, DCVZFavor ) 0.299855, 0.228346, 0.471799;
    ( None, StrongWest ) 0.406952, 0.219502, 0.373546;
    ( Weak, StrongWest ) 0.531949, 0.284886, 0.183165;
    ( Strong, StrongWest ) 0.102630, 0.558959, 0.338412;
    ( None, Westerly ) 0.000351, 0.128286, 0.871364;
    ( Weak, Westerly ) 0.240212, 0.126871, 0.632917;
    ( Strong, Westerly ) 0.118909, 0.452955, 0.428135;
    ( None, Other ) 0.114326, 0.296053, 0.589620;
    ( Weak, Other ) 0.756599, 0.036420, 0.206981;
    ( Strong, Other ) 0.425274, 0.323667, 0.251059;
};

probability ( CompPlFcst | Boundaries, CldShadeConv, AreaMeso_ALS, CldShadeOth ) {
    ( None, None, StrongUp, Cloudy ) 0.443331, 0.223952, 0.332718;
    ( Weak, None, StrongUp, Cloudy ) 0.115228, 0.558514, 0.326258;
    ( Strong, None, StrongUp, Cloudy ) 0.027513, 0.914052, 0.058435;
    ( None, Some, StrongUp, Cloudy ) 0.119011, 0.297273, 0.583715;
    ( Weak, Some, StrongUp, Cloudy ) 0.095593, 0.504391, 0.400016;
    ( Strong, Some, StrongUp, Cloudy ) 0.232223, 0.232961, 0.534816;
    ( None, Marked, StrongUp, Cloudy ) 0.065058, 0.766588, 0.168355;
    ( Weak, Marked, StrongUp, Cloudy ) 0.297111, 0.189794, 0.513095;
    ( Strong, Marked, StrongUp, Cloudy ) 0.281941, 0.056653, 0.661406;
    ( None, None, WeakUp, Cloudy ) 0.380294, 0.109428, 0.510279;
    ( Weak, None, WeakUp, Cloudy ) 0.588207, 0.335825, 0.075968;
    ( Strong, None, WeakUp, Cloudy ) 0.048452, 0.276503, 0.675045;
    ( None, Some, WeakUp, Cloudy ) 0.426697, 0.106104, 0.467199;
    ( Weak, Some, WeakUp, Cloudy ) 0.337839, 0.433062, 0.229099;
    ( Strong, Some, WeakUp, Cloudy ) 0.021178, 0.623224, 0.355598;
    ( None, Marked, WeakUp, Cloudy ) 0.052603, 0.047320, 0.900077;
    ( Weak, Marked, WeakUp, Cloudy ) 0.374380, 0.006005, 0.619615;
    ( Strong, Marked, WeakUp, Cloudy ) 0.224447, 0.538702, 0.236851;
    ( None, None, Neutral, Cloudy ) 0.031654, 0.807665, 0.160681;
    ( Weak, None, Neutral, Cloudy ) 0.062676, 0.634175, 0.303149;
    ( Strong, None, Neutral, Cloudy ) 0.306803, 0.293578, 0.399619;
    ( None, Some, Neutral, Cloudy ) 0.066759, 0.544883, 0.388358;
    ( Weak, Some, Neutral, Cloudy ) 0.121760, 0.455387, 0.422853;
    ( Strong, Some, Neutral, Cloudy ) 0.331650, 0.151028, 0.517321;
    ( None, Marked, Neutral, Cloudy ) 0.381122, 0.176811, 0.442067;
    ( Weak, Marked, Neutral, Cloudy ) 0.690221, 0.146547, 0.163233;
    ( Strong, Marked, Neutral, Cloudy ) 0.129933, 0.102810, 0.767257;
    ( None, None, Down, Cloudy ) 0.065198, 0.296314, 0.638488;
    ( Weak, None, Down, Cloudy ) 0.064387, 0.451690, 0.483923;
    ( Strong, None, Down, Cloudy ) 0.170585, 0.244696, 0.584719;
    ( None, Some, Down, Cloudy ) 0.223915, 0.016855, 0.759230;
    ( Weak, Some, Down, Cloudy ) 0.435217, 0.034871, 0.529911;
    ( Strong, Some, Down, Cloudy ) 0.147345, 0.362260, 0.490395;
    ( None, Marked, Down, Cloudy ) 0.209479, 0.184880, 0.605641;
    ( Weak, Marked, Down, Cloudy ) 0.801255, 0.194669, 0.004075;
    ( Strong, Marked, Down, Cloudy ) 0.337003, 0.160558, 0.502439;
    ( None, None, StrongUp, PC ) 0.083818, 0.449676, 0.466506;
    ( Weak, None, StrongUp, PC ) 0.316692, 0.196754, 0.486554;
    ( Strong, None, StrongUp, PC ) 0.157020, 0.643504, 0.199475;
    ( None, Some, StrongUp, PC ) 0.707518, 0.050881, 0.241602;
    ( Weak, Some, StrongUp, PC ) 0.667605, 0.158368, 0.174027;
    ( Strong, Some, StrongUp, PC ) 0.112109, 0.386423, 0.501468;
    ( None, Marked, StrongUp, PC ) 0.141682, 0.455534, 0.402784;
    ( Weak, Marked, StrongUp, PC ) 0.102226, 0.563879, 0.333894;
    ( Strong, Marked, StrongUp, PC ) 0.382423, 0.322770, 0.294806;
    ( None, None, WeakUp, PC ) 0.240942, 0.029212, 0.729846;
    ( Weak, None, WeakUp, PC ) 0.135611, 0.847456, 0.016932;
    ( Strong, None, WeakUp, PC ) 0.202870, 0.695680, 0.101450;
    ( None, Some, WeakUp, PC ) 0.461307, 0.443871, 0.094823;
    ( Weak, Some, WeakUp, PC ) 0.030895, 0.182012, 0.787093;
    ( Strong, Some, WeakUp, PC ) 0.328810, 0.495550, 0.175639;
    ( None, Marked, WeakUp, PC ) 0.628315, 0.246683, 0.125002;
    ( Weak, Marked, WeakUp, PC ) 0.448088, 0.512131, 0.039781;
    ( Strong, Marked, WeakUp, PC ) 0.018514, 0.807513, 0.173973;
    ( None, None, Neutral, PC ) 0.056621, 0.786879, 0.156500;
    ( Weak, None, Neutral, PC ) 0.076519, 0.283979, 0.639502;
    ( Strong, None, Neutral, PC ) 0.891009, 0.045789, 0.063201;
    ( None, Some, Neutral, PC ) 0.088052, 0.601021, 0.310926;
    ( Weak, Some, Neutral, PC ) 0.021095, 0.149845, 0.829060;
    ( Strong, Some, Neutral, PC ) 0.024639, 0.798051, 0.177310;
    ( None, Marked, Neutral, PC ) 0.029599, 0.333646, 0.636755;
    ( Weak, Marked, Neutral, PC ) 0.649274, 0.248858, 0.101868;
    ( Strong, Marked, Neutral, PC ) 0.642901, 0.260511, 0.096588;
    ( None, None, Down, PC ) 0.669454, 0.056529, 0.274017;
    ( Weak, None, Down, PC ) 0.364798, 0.528545, 0.106657;
    ( Strong, None, Down, PC ) 0.497648, 0.185667, 0.316685;
    ( None, Some, Down, PC ) 0.530596, 0.092799, 0.376605;
    ( Weak, Some, Down, PC ) 0.031003, 0.619010, 0.349987;
    ( Strong, Some, Down, PC ) 0.081387, 0.348842, 0.569771;
    ( None, Marked, Down, PC ) 0.197764, 0.757822, 0.044414;
    ( Weak, Marked, Down, PC ) 0.469838, 0.046110, 0.484052;
    ( Strong, Marked, Down, PC ) 0.339739, 0.386381, 0.273880;
    ( None, None, StrongUp, Clear ) 0.047099, 0.751860, 0.201041;
    ( Weak, None, StrongUp, Clear ) 0.694888, 0.058506, 0.246606;
    ( Strong, None, StrongUp, Clear ) 0.213911, 0.475169, 0.310921;
    ( None, Some, StrongUp, Clear ) 0.025361, 0.599141, 0.375498;
    ( Weak, Some, StrongUp, Clear ) 0.214987, 0.263228, 0.521785;
    ( Strong, Some, StrongUp, Clear ) 0.118380, 0.466825, 0.414795;
    ( None, Marked, StrongUp, Clear ) 0.066730, 0.227060, 0.706210;
    ( Weak, Marked, StrongUp, Clear ) 0.277905, 0.181985, 0.540110;
    ( Strong, Marked, StrongUp, Clear ) 0.683153, 0.014238, 0.302609;
    ( None, None, WeakUp, Clear ) 0.246365, 0.557055, 0.196580;
    ( Weak, None, WeakUp, Clear ) 0.172965, 0.084022, 0.743013;
    ( Strong, None, WeakUp, Clear ) 0.478200, 0.443642, 0.078157;
    ( None, Some, WeakUp, Clear ) 0.220161, 0.180256, 0.599583;
    ( Weak, Some, WeakUp, Clear ) 0.271235, 0.231252, 0.497513;
    ( Strong, Some, WeakUp, Clear ) 0.326837, 0.172167, 0.500996;
    ( None, Marked, WeakUp, Clear ) 0.295699, 0.575049, 0.129252;
    ( Weak, Marked, WeakUp, Clear ) 0.531437, 0.205707, 0.262856;
    ( Strong, Marked, WeakUp, Clear ) 0.099323, 0.204566, 0.696111;
    ( None, None, Neutral, Clear ) 0.122697, 0.634338, 0.242966;
    ( Weak, None, Neutral, Clear ) 0.450554, 0.409834, 0.139612;
    ( Strong, None, Neutral, Clear ) 0.728274, 0.161893, 0.109832;
    ( None, Some, Neutral, Clear ) 0.231179, 0.540374, 0.228447;
    ( Weak, Some, Neutral, Clear ) 0.360747, 0.573770, 0.065483;
    ( Strong, Some, Neutral, Clear ) 0.183815, 0.765252, 0.050934;
    ( None, Marked, Neutral, Clear ) 0.733834, 0.103065, 0.163102;
    ( Weak, Marked, Neutral, Clear ) 0.394758, 0.533565, 0.071677;
    ( Strong, Marked, Neutral, Clear ) 0.665899, 0.097350, 0.236751;
    ( None, None, Down, Clear ) 0.502271, 0.112392, 0.385337;
    ( Weak, None, Down, Clear ) 0.057203, 0.138058, 0.804739;
    ( Strong, None, Down, Clear ) 0.464448, 0.365220, 0.170332;
    ( None, Some, Down, Clear ) 0.874072, 0.065184, 0.060744;
    ( Weak, Some, Down, Clear ) 0.724884, 0.143423, 0.131693;
    ( Strong, Some, Down, Clear ) 0.325003, 0.643858, 0.031139;
    ( None, Marked, Down, Clear ) 0.245054, 0.421791, 0.333155;
    ( Weak, Marked, Down, Clear ) 0.030952, 0.622269, 0.346778;
    ( Strong, Marked, Down, Clear ) 0.602178, 0.392078, 0.005744;
};

probability ( CapChange | CompPlFcst ) {
    ( IncCapDecIns ) 0.090609, 0.803788, 0.105603;
    ( LittleChange ) 0.345894, 0.009289, 0.644817;
    ( DecCapIncIns ) 0.262836, 0.307745, 0.429419;
};

probability ( LoLevMoistAd ) {
    table 0.017215, 0.264976, 0.717758, 0.000051;
};

probability ( InsChange | LoLevMoistAd, CompPlFcst ) {
    ( StrongPos, IncCapDecIns ) 0.237312, 0.197599, 0.565089;
    ( WeakPos, IncCapDecIns ) 0.448383, 0.160317, 0.391300;
    ( Neutral, IncCapDecIns ) 0.134003, 0.721375, 0.144622;
    ( Negative, IncCapDecIns ) 0.333300, 0.333397, 0.333304;
    ( StrongPos, LittleChange ) 0.072087, 0.642215, 0.285698;
    ( WeakPos, LittleChange ) 0.051634, 0.266676, 0.681690;
    ( Neutral, LittleChange ) 0.223967, 0.145427, 0.630607;
    ( Negative, LittleChange ) 0.333048, 0.333461, 0.333491;
    ( StrongPos, DecCapIncIns ) 0.174755, 0.026641, 0.798604;
    ( WeakPos, DecCapIncIns ) 0.552482, 0.092417, 0.355102;
    ( Neutral, DecCapIncIns ) 0.280845, 0.346596, 0.372558;
    ( Negative, DecCapIncIns ) 0.333368, 0.333279, 0.333353;
};

probability ( MountainFcst | InsInMt ) {
    ( None ) 0.454929, 0.544893, 0.000178;
    ( Weak ) 0.352624, 0.519958, 0.127418;
    ( Strong ) 0.300171, 0.046816, 0.653013;
};

probability ( Date ) {
    table 0.050537, 0.173404, 0.000051, 0.296682, 0.479276, 0.000051;
};

probability ( Scenario | Date ) {
    ( May15_Jun14 ) 0.000993, 0.055136, 0.141449, 0.171812, 0.012943, 0.046441, 0.185077, 0.070694, 0.121077, 0.125811, 0.068568;
    ( Jun15_Jul1 ) 0.105821, 0.006793, 0.301748, 0.011037, 0.062338, 0.058274, 0.034347, 0.285849, 0.009724, 0.019181, 0.104889;
    ( Jul2_Jul15 ) 0.090872, 0.090961, 0.090868, 0.090884, 0.090904, 0.090842, 0.090938, 0.090906, 0.090955, 0.090982, 0.090889;
    ( Jul16_Aug10 ) 0.049768, 0.109937, 0.135940, 0.146329, 0.018643, 0.090205, 0.009102, 0.084378, 0.091360, 0.137894, 0.126443;
    ( Aug11_Aug20 ) 0.030672, 0.050275, 0.017887, 0.052344, 0.258824, 0.011951, 0.321541, 0.076753, 0.122413, 0.008809, 0.048533;
    ( Aug20_Sep15 ) 0.090872, 0.090961, 0.090868, 0.090884, 0.090904, 0.090842, 0.090938, 0.090906, 0.090955, 0.090982, 0.090889;
};

probability ( ScenRelAMCIN | Scenario ) {
    ( A ) 0.789548, 0.210453;
    ( B ) 0.983875, 0.016126;
    ( C ) 0.721610, 0.278390;
    ( D ) 0.182710, 0.817290;
    ( E ) 0.847513, 0.152488;
    ( F ) 0.653916, 0.346084;
    ( G ) 0.531037, 0.468963;
    ( H ) 0.164786, 0.835214;
    ( I ) 0.318576, 0.681424;
    ( J ) 0.614574, 0.385426;
    ( K ) 0.063083, 0.936917;
};

probability ( MorningCIN ) {
    table 0.406087, 0.111557, 0.143119, 0.339237;
};

probability ( AMCINInScen | ScenRelAMCIN, MorningCIN ) {
    ( AB, None ) 0.095236, 0.345059, 0.559704;
    ( CThruK, None ) 0.103921, 0.809335, 0.086745;
    ( AB, PartInhibit ) 0.349044, 0.474502, 0.176454;
    ( CThruK, PartInhibit ) 0.251463, 0.441476, 0.307061;
    ( AB, Stifling ) 0.124986, 0.261453, 0.613562;
    ( CThruK, Stifling ) 0.814355, 0.068753, 0.116892;
    ( AB, TotalInhibit ) 0.364760, 0.051473, 0.583767;
    ( CThruK, TotalInhibit ) 0.505994, 0.409586, 0.084421;
};

probability ( CapInScen | AMCINInScen, CapChange ) {
    ( LessThanAve, Decreasing ) 0.321683, 0.039303, 0.639015;
    ( Average, Decreasing ) 0.393840, 0.332705, 0.273455;
    ( MoreThanAve, Decreasing ) 0.169507, 0.575988, 0.254506;
    ( LessThanAve, LittleChange ) 0.045823, 0.716358, 0.237819;
    ( Average, LittleChange ) 0.107650, 0.690385, 0.201964;
    ( MoreThanAve, LittleChange ) 0.130534, 0.369245, 0.500221;
    ( LessThanAve, Increasing ) 0.305855, 0.363365, 0.330780;
    ( Average, Increasing ) 0.153779, 0.201785, 0.644435;
    ( MoreThanAve, Increasing ) 0.816698, 0.130057, 0.053245;
};

probability ( ScenRelAMIns | Scenario ) {
    ( A ) 0.056482, 0.119950, 0.221115, 0.136178, 0.104811, 0.361465;
    ( B ) 0.054446, 0.030775, 0.021332, 0.046239, 0.230089, 0.617119;
    ( C ) 0.024689, 0.232757, 0.123651, 0.093825, 0.427933, 0.097145;
    ( D ) 0.509709, 0.127303, 0.007049, 0.113811, 0.176573, 0.065555;
    ( E ) 0.244169, 0.050226, 0.230879, 0.020678, 0.213065, 0.240983;
    ( F ) 0.135383, 0.131419, 0.120172, 0.077384, 0.068530, 0.467112;
    ( G ) 0.131826, 0.355848, 0.004987, 0.197131, 0.228310, 0.081898;
    ( H ) 0.067033, 0.292137, 0.022280, 0.512375, 0.031186, 0.074988;
    ( I ) 0.220874, 0.093156, 0.433427, 0.106636, 0.008107, 0.137801;
    ( J ) 0.023146, 0.010219, 0.049252, 0.315240, 0.130709, 0.471435;
    ( K ) 0.189257, 0.392718, 0.075739, 0.104885, 0.088108, 0.149293;
};

probability ( LIfr12ZDENSd ) {
    table 0.353977, 0.058107, 0.009187, 0.578729;
};

probability ( AMDewptCalPl ) {
    table 0.017620, 0.566283, 0.416097;
};

probability ( AMInsWliScen | ScenRelAMIns, LIfr12ZDENSd, AMDewptCalPl ) {
    ( ABI, LIGt0, Instability ) 0.228002, 0.439933, 0.332065;
    ( CDEJ, LIGt0, Instability ) 0.395458, 0.107784, 0.496759;
    ( F, LIGt0, Instability ) 0.234456, 0.075410, 0.690134;
    ( G, LIGt0, Instability ) 0.406610, 0.035860, 0.557530;
    ( H, LIGt0, Instability ) 0.263856, 0.038088, 0.698057;
    ( K, LIGt0, Instability ) 0.493130, 0.299943, 0.206926;
    ( ABI, N1GtLIGt_4, Instability ) 0.717214, 0.143292, 0.139494;
    ( CDEJ, N1GtLIGt_4, Instability ) 0.432009, 0.141998, 0.425993;
    ( F, N1GtLIGt_4, Instability ) 0.201290, 0.601247, 0.197462;
    ( G, N1GtLIGt_4, Instability ) 0.204319, 0.197339, 0.598341;
    ( H, N1GtLIGt_4, Instability ) 0.144528, 0.712894, 0.142579;
    ( K, N1GtLIGt_4, Instability ) 0.142857, 0.428571, 0.428571;
    ( ABI, N5GtLIGt_8, Instability ) 0.332217, 0.335566, 0.332217;
    ( CDEJ, N5GtLIGt_8, Instability ) 0.200000, 0.200000, 0.600000;
    ( F, N5GtLIGt_8, Instability ) 0.337662, 0.331169, 0.331169;
    ( G, N5GtLIGt_8, Instability ) 0.386472, 0.411727, 0.201801;
    ( H, N5GtLIGt_8, Instability ) 0.333333, 0.333333, 0.333333;
    ( K, N5GtLIGt_8, Instability ) 0.333333, 0.333333, 0.333333;
    ( ABI, LILt_8, Instability ) 0.203920, 0.767903, 0.028176;
    ( CDEJ, LILt_8, Instability ) 0.672070, 0.227502, 0.100428;
    ( F, LILt_8, Instability ) 0.302648, 0.146978, 0.550374;
    ( G, LILt_8, Instability ) 0.884575, 0.086538, 0.028887;
    ( H, LILt_8, Instability ) 0.283760, 0.358326, 0.357914;
    ( K, LILt_8, Instability ) 0.301964, 0.535375, 0.162661;
    ( ABI, LIGt0, Neutral ) 0.111648, 0.541529, 0.346823;
    ( CDEJ, LIGt0, Neutral ) 0.629220, 0.241369, 0.129412;
    ( F, LIGt0, Neutral ) 0.023941, 0.570942, 0.405117;
    ( G, LIGt0, Neutral ) 0.001567, 0.424589, 0.573844;
    ( H, LIGt0, Neutral ) 0.088718, 0.086917, 0.824365;
    ( K, LIGt0, Neutral ) 0.050194, 0.831964, 0.117842;
    ( ABI, N1GtLIGt_4, Neutral ) 0.874937, 0.064878, 0.060185;
    ( CDEJ, N1GtLIGt_4, Neutral ) 0.292457, 0.541313, 0.166230;
    ( F, N1GtLIGt_4, Neutral ) 0.447098, 0.380040, 0.172862;
    ( G, N1GtLIGt_4, Neutral ) 0.216539, 0.081230, 0.702231;
    ( H, N1GtLIGt_4, Neutral ) 0.291880, 0.340032, 0.368088;
    ( K, N1GtLIGt_4, Neutral ) 0.182928, 0.157909, 0.659163;
    ( ABI, N5GtLIGt_8, Neutral ) 0.598016, 0.066522, 0.335462;
    ( CDEJ, N5GtLIGt_8, Neutral ) 0.200709, 0.306403, 0.492887;
    ( F, N5GtLIGt_8, Neutral ) 0.903239, 0.048543, 0.048218;
    ( G, N5GtLIGt_8, Neutral ) 0.075872, 0.691774, 0.232354;
    ( H, N5GtLIGt_8, Neutral ) 0.283720, 0.676138, 0.040142;
    ( K, N5GtLIGt_8, Neutral ) 0.039758, 0.601439, 0.358802;
    ( ABI, LILt_8, Neutral ) 0.351932, 0.292520, 0.355548;
    ( CDEJ, LILt_8, Neutral ) 0.033516, 0.940005, 0.026478;
    ( F, LILt_8, Neutral ) 0.401576, 0.475882, 0.122542;
    ( G, LILt_8, Neutral ) 0.012404, 0.467831, 0.519765;
    ( H, LILt_8, Neutral ) 0.060225, 0.456743, 0.483032;
    ( K, LILt_8, Neutral ) 0.459397, 0.085342, 0.455262;
    ( ABI, LIGt0, Stability ) 0.544028, 0.008226, 0.447747;
    ( CDEJ, LIGt0, Stability ) 0.071343, 0.163623, 0.765035;
    ( F, LIGt0, Stability ) 0.114808, 0.377336, 0.507857;
    ( G, LIGt0, Stability ) 0.268245, 0.569066, 0.162689;
    ( H, LIGt0, Stability ) 0.260057, 0.398194, 0.341749;
    ( K, LIGt0, Stability ) 0.150161, 0.769129, 0.080709;
    ( ABI, N1GtLIGt_4, Stability ) 0.066229, 0.414027, 0.519744;
    ( CDEJ, N1GtLIGt_4, Stability ) 0.447239, 0.191302, 0.361459;
    ( F, N1GtLIGt_4, Stability ) 0.262320, 0.592038, 0.145642;
    ( G, N1GtLIGt_4, Stability ) 0.384322, 0.015471, 0.600208;
    ( H, N1GtLIGt_4, Stability ) 0.492128, 0.418931, 0.088940;
    ( K, N1GtLIGt_4, Stability ) 0.607397, 0.173055, 0.219548;
    ( ABI, N5GtLIGt_8, Stability ) 0.077361, 0.384110, 0.538529;
    ( CDEJ, N5GtLIGt_8, Stability ) 0.196335, 0.209476, 0.594189;
    ( F, N5GtLIGt_8, Stability ) 0.215091, 0.552459, 0.232449;
    ( G, N5GtLIGt_8, Stability ) 0.598018, 0.207153, 0.194830;
    ( H, N5GtLIGt_8, Stability ) 0.044704, 0.820781, 0.134515;
    ( K, N5GtLIGt_8, Stability ) 0.059013, 0.538430, 0.402557;
    ( ABI, LILt_8, Stability ) 0.538981, 0.210829, 0.250191;
    ( CDEJ, LILt_8, Stability ) 0.079026, 0.838053, 0.082920;
    ( F, LILt_8, Stability ) 0.199436, 0.193343, 0.607221;
    ( G, LILt_8, Stability ) 0.089483, 0.737067, 0.173450;
    ( H, LILt_8, Stability ) 0.514121, 0.386454, 0.099424;
    ( K, LILt_8, Stability ) 0.347438, 0.594850, 0.057713;
};

probability ( InsSclInScen | AMInsWliScen, InsChange ) {
    ( LessUnstable, Decreasing ) 0.025730, 0.630521, 0.343749;
    ( Average, Decreasing ) 0.290622, 0.215668, 0.493710;
    ( MoreUnstable, Decreasing ) 0.438462, 0.210120, 0.351418;
    ( LessUnstable, LittleChange ) 0.554565, 0.433815, 0.011620;
    ( Average, LittleChange ) 0.074712, 0.467512, 0.457776;
    ( MoreUnstable, LittleChange ) 0.480696, 0.009998, 0.509307;
    ( LessUnstable, Increasing ) 0.341159, 0.384221, 0.274621;
    ( Average, Increasing ) 0.199060, 0.373858, 0.427082;
    ( MoreUnstable, Increasing ) 0.587730, 0.181348, 0.230922;
};

probability ( ScenRel3_4 | Scenario ) {
    ( A ) 0.195882, 0.142292, 0.353926, 0.022245, 0.285655;
    ( B ) 0.040739, 0.194585, 0.083537, 0.266115, 0.415024;
    ( C ) 0.162490, 0.116731, 0.053110, 0.167920, 0.499750;
    ( D ) 0.385349, 0.120976, 0.291363, 0.125463, 0.076850;
    ( E ) 0.635486, 0.092337, 0.076641, 0.032052, 0.163485;
    ( F ) 0.194308, 0.236284, 0.065868, 0.226800, 0.276741;
    ( G ) 0.000294, 0.730340, 0.142176, 0.073369, 0.053821;
    ( H ) 0.140489, 0.205437, 0.045795, 0.405104, 0.203175;
    ( I ) 0.128797, 0.142106, 0.380285, 0.018036, 0.330776;
    ( J ) 0.311550, 0.241680, 0.039658, 0.098127, 0.308985;
    ( K ) 0.145886, 0.438720, 0.020186, 0.115560, 0.279649;
};

probability ( LatestCIN ) {
    table 0.227965, 0.310686, 0.159289, 0.302059;
};

probability ( LLIW ) {
    table 0.321799, 0.136696, 0.400410, 0.141095;
};

probability ( CurPropConv | LatestCIN, LLIW ) {
    ( None, Unfavorable ) 0.585147, 0.040107, 0.197192, 0.177554;
    ( PartInhibit, Unfavorable ) 0.023795, 0.369989, 0.430037, 0.176180;
    ( Stifling, Unfavorable ) 0.032181, 0.178694, 0.210598, 0.578528;
    ( TotalInhibit, Unfavorable ) 0.509159, 0.000538, 0.417816, 0.072487;
    ( None, Weak ) 0.087743, 0.365554, 0.453014, 0.093689;
    ( PartInhibit, Weak ) 0.389121, 0.284372, 0.121033, 0.205475;
    ( Stifling, Weak ) 0.729297, 0.035049, 0.016280, 0.219374;
    ( TotalInhibit, Weak ) 0.379642, 0.128286, 0.357997, 0.134074;
    ( None, Moderate ) 0.407425, 0.116369, 0.170858, 0.305349;
    ( PartInhibit, Moderate ) 0.053630, 0.383761, 0.153895, 0.408714;
    ( Stifling, Moderate ) 0.294682, 0.072325, 0.131787, 0.501206;
    ( TotalInhibit, Moderate ) 0.064579, 0.418630, 0.307036, 0.209754;
    ( None, Strong ) 0.417697, 0.325193, 0.067629, 0.189481;
    ( PartInhibit, Strong ) 0.456054, 0.151908, 0.289669, 0.102369;
    ( Stifling, Strong ) 0.346606, 0.153666, 0.102687, 0.397041;
    ( TotalInhibit, Strong ) 0.075318, 0.102768, 0.042279, 0.779636;
};

probability ( ScnRelPlFcst | Scenario ) {
    ( A ) 0.101162, 0.078824, 0.013606, 0.011607, 0.009410, 0.090203, 0.301783, 0.132448, 0.210712, 0.013589, 0.036656;
    ( B ) 0.348282, 0.100978, 0.054068, 0.010833, 0.151116, 0.047483, 0.177618, 0.027439, 0.043829, 0.007505, 0.030849;
    ( C ) 0.050807, 0.140680, 0.005128, 0.104676, 0.101136, 0.195319, 0.055234, 0.131964, 0.059148, 0.064745, 0.091163;
    ( D ) 0.160585, 0.079576, 0.052705, 0.127399, 0.000638, 0.042465, 0.394518, 0.039245, 0.045194, 0.033672, 0.024004;
    ( E ) 0.214950, 0.329774, 0.047625, 0.025593, 0.055686, 0.000360, 0.069144, 0.038669, 0.178616, 0.020529, 0.019053;
    ( F ) 0.359677, 0.165304, 0.032588, 0.016717, 0.059050, 0.157973, 0.081782, 0.025471, 0.052576, 0.047738, 0.001125;
