// Bayesian Network (Learned via Seeded EM)

variable N0_7muVerMo {
  type discrete [ 4 ] = { StrongUp, WeakUp, Neutral, Down };
};
variable SubjVertMo {
  type discrete [ 4 ] = { StronUp, WeakUp, Neutral, Down };
};
variable QGVertMotion {
  type discrete [ 4 ] = { StrongUp, WeakUp, Neutral, Down };
};
variable CombVerMo {
  type discrete [ 4 ] = { StrongUp, WeakUp, Neutral, Down };
};
variable AreaMeso_ALS {
  type discrete [ 4 ] = { StrongUp, WeakUp, Neutral, Down };
};
variable SatContMoist {
  type discrete [ 4 ] = { VeryWet, Wet, Neutral, Dry };
};
variable RaoContMoist {
  type discrete [ 4 ] = { VeryWet, Wet, Neutral, Dry };
};
variable CombMoisture {
  type discrete [ 4 ] = { VeryWet, Wet, Neutral, Dry };
};
variable AreaMoDryAir {
  type discrete [ 4 ] = { VeryWet, Wet, Neutral, Dry };
};
variable VISCloudCov {
  type discrete [ 3 ] = { Cloudy, PC, Clear };
};
variable IRCloudCover {
  type discrete [ 3 ] = { Cloudy, PC, Clear };
};
variable CombClouds {
  type discrete [ 3 ] = { Cloudy, PC, Clear };
};
variable CldShadeOth {
  type discrete [ 3 ] = { Cloudy, PC, Clear };
};
variable AMInstabMt {
  type discrete [ 3 ] = { None, Weak, Strong };
};
variable InsInMt {
  type discrete [ 3 ] = { None, Weak, Strong };
};
variable WndHodograph {
  type discrete [ 4 ] = { DCVZFavor, StrongWest, Westerly, Other };
};
variable OutflowFrMt {
  type discrete [ 3 ] = { None, Weak, Strong };
};
variable MorningBound {
  type discrete [ 3 ] = { None, Weak, Strong };
};
variable Boundaries {
  type discrete [ 3 ] = { None, Weak, Strong };
};
variable CldShadeConv {
  type discrete [ 3 ] = { None, Some, Marked };
};
variable CompPlFcst {
  type discrete [ 3 ] = { IncCapDecIns, LittleChange, DecCapIncIns };
};
variable CapChange {
  type discrete [ 3 ] = { Decreasing, LittleChange, Increasing };
};
variable LoLevMoistAd {
  type discrete [ 4 ] = { StrongPos, WeakPos, Neutral, Negative };
};
variable InsChange {
  type discrete [ 3 ] = { Decreasing, LittleChange, Increasing };
};
variable MountainFcst {
  type discrete [ 3 ] = { XNIL, SIG, SVR };
};
variable Date {
  type discrete [ 6 ] = { May15_Jun14, Jun15_Jul1, Jul2_Jul15, Jul16_Aug10, Aug11_Aug20, Aug20_Sep15 };
};
variable Scenario {
  type discrete [ 11 ] = { A, B, C, D, E, F, G, H, I, J, K };
};
variable ScenRelAMCIN {
  type discrete [ 2 ] = { AB, CThruK };
};
variable MorningCIN {
  type discrete [ 4 ] = { None, PartInhibit, Stifling, TotalInhibit };
};
variable AMCINInScen {
  type discrete [ 3 ] = { LessThanAve, Average, MoreThanAve };
};
variable CapInScen {
  type discrete [ 3 ] = { LessThanAve, Average, MoreThanAve };
};
variable ScenRelAMIns {
  type discrete [ 6 ] = { ABI, CDEJ, F, G, H, K };
};
variable LIfr12ZDENSd {
  type discrete [ 4 ] = { LIGt0, N1GtLIGt_4, N5GtLIGt_8, LILt_8 };
};
variable AMDewptCalPl {
  type discrete [ 3 ] = { Instability, Neutral, Stability };
};
variable AMInsWliScen {
  type discrete [ 3 ] = { LessUnstable, Average, MoreUnstable };
};
variable InsSclInScen {
  type discrete [ 3 ] = { LessUnstable, Average, MoreUnstable };
};
variable ScenRel3_4 {
  type discrete [ 5 ] = { ACEFK, B, D, GJ, HI };
};
variable LatestCIN {
  type discrete [ 4 ] = { None, PartInhibit, Stifling, TotalInhibit };
};
variable LLIW {
  type discrete [ 4 ] = { Unfavorable, Weak, Moderate, Strong };
};
variable CurPropConv {
  type discrete [ 4 ] = { None, Slight, Moderate, Strong };
};
variable ScnRelPlFcst {
  type discrete [ 11 ] = { A, B, C, D, E, F, G, H, I, J, K };
};
variable PlainsFcst {
  type discrete [ 3 ] = { XNIL, SIG, SVR };
};
variable N34StarFcst {
  type discrete [ 3 ] = { XNIL, SIG, SVR };
};
variable R5Fcst {
  type discrete [ 3 ] = { XNIL, SIG, SVR };
};
variable Dewpoints {
  type discrete [ 7 ] = { LowEvrywhere, LowAtStation, LowSHighN, LowNHighS, LowMtsHighPl, HighEvrywher, Other };
};
variable LowLLapse {
  type discrete [ 4 ] = { CloseToDryAd, Steep, ModerateOrLe, Stable };
};
variable MeanRH {
  type discrete [ 3 ] = { VeryMoist, Average, Dry };
};
variable MidLLapse {
  type discrete [ 3 ] = { CloseToDryAd, Steep, ModerateOrLe };
};
variable MvmtFeatures {
  type discrete [ 4 ] = { StrongFront, MarkedUpper, OtherRapid, NoMajor };
};
variable RHRatio {
  type discrete [ 3 ] = { MoistMDryL, DryMMoistL, Other };
};
variable SfcWndShfDis {
  type discrete [ 7 ] = { DenvCyclone, E_W_N, E_W_S, MovingFtorOt, DryLine, None, Other };
};
variable SynForcng {
  type discrete [ 5 ] = { SigNegative, NegToPos, SigPositive, PosToNeg, LittleChange };
};
variable TempDis {
  type discrete [ 4 ] = { QStationary, Moving, None, Other };
};
variable WindAloft {
  type discrete [ 4 ] = { LV, SWQuad, NWQuad, AllElse };
};
variable WindFieldMt {
  type discrete [ 2 ] = { Westerly, LVorOther };
};
variable WindFieldPln {
  type discrete [ 6 ] = { LV, DenvCyclone, LongAnticyc, E_NE, SEQuad, WidespdDnsl };
};
probability ( N0_7muVerMo ) {
    table 0.503666, 0.340577, 0.068739, 0.087017;
};

probability ( SubjVertMo ) {
    table 0.521977, 0.081017, 0.218080, 0.178926;
};

probability ( QGVertMotion ) {
    table 0.096213, 0.568139, 0.298664, 0.036984;
};

probability ( CombVerMo | N0_7muVerMo, SubjVertMo, QGVertMotion ) {
    ( StrongUp, StronUp, StrongUp ) 0.420999, 0.128457, 0.142551, 0.307993;
    ( WeakUp, StronUp, StrongUp ) 0.377458, 0.072537, 0.354576, 0.195429;
    ( Neutral, StronUp, StrongUp ) 0.463833, 0.090774, 0.169365, 0.276029;
    ( Down, StronUp, StrongUp ) 0.337648, 0.238074, 0.034364, 0.389914;
    ( StrongUp, WeakUp, StrongUp ) 0.187618, 0.379137, 0.225516, 0.207729;
    ( WeakUp, WeakUp, StrongUp ) 0.452221, 0.177642, 0.345530, 0.024607;
    ( Neutral, WeakUp, StrongUp ) 0.413810, 0.353194, 0.111280, 0.121716;
    ( Down, WeakUp, StrongUp ) 0.421233, 0.078767, 0.250000, 0.250000;
    ( StrongUp, Neutral, StrongUp ) 0.104550, 0.005365, 0.281599, 0.608486;
    ( WeakUp, Neutral, StrongUp ) 0.167466, 0.295908, 0.081906, 0.454720;
    ( Neutral, Neutral, StrongUp ) 0.276907, 0.318383, 0.329599, 0.075112;
    ( Down, Neutral, StrongUp ) 0.307198, 0.316631, 0.122213, 0.253958;
    ( StrongUp, Down, StrongUp ) 0.260534, 0.126238, 0.197673, 0.415554;
    ( WeakUp, Down, StrongUp ) 0.254918, 0.048223, 0.387366, 0.309492;
    ( Neutral, Down, StrongUp ) 0.225030, 0.141651, 0.307661, 0.325658;
    ( Down, Down, StrongUp ) 0.025175, 0.198180, 0.751145, 0.025500;
    ( StrongUp, StronUp, WeakUp ) 0.008114, 0.413429, 0.316365, 0.262092;
    ( WeakUp, StronUp, WeakUp ) 0.150246, 0.227180, 0.323400, 0.299173;
    ( Neutral, StronUp, WeakUp ) 0.016844, 0.159311, 0.746089, 0.077757;
    ( Down, StronUp, WeakUp ) 0.290929, 0.040774, 0.364931, 0.303366;
    ( StrongUp, WeakUp, WeakUp ) 0.321428, 0.101313, 0.363600, 0.213659;
    ( WeakUp, WeakUp, WeakUp ) 0.139384, 0.092282, 0.575881, 0.192453;
    ( Neutral, WeakUp, WeakUp ) 0.403055, 0.136855, 0.294972, 0.165118;
    ( Down, WeakUp, WeakUp ) 0.128009, 0.054480, 0.510641, 0.306870;
    ( StrongUp, Neutral, WeakUp ) 0.366814, 0.267737, 0.126529, 0.238921;
    ( WeakUp, Neutral, WeakUp ) 0.151970, 0.330569, 0.249644, 0.267818;
    ( Neutral, Neutral, WeakUp ) 0.237963, 0.183663, 0.028179, 0.550195;
    ( Down, Neutral, WeakUp ) 0.066967, 0.439901, 0.133944, 0.359188;
    ( StrongUp, Down, WeakUp ) 0.103258, 0.282343, 0.459468, 0.154931;
    ( WeakUp, Down, WeakUp ) 0.107648, 0.503177, 0.080115, 0.309060;
    ( Neutral, Down, WeakUp ) 0.107532, 0.007692, 0.844663, 0.040112;
    ( Down, Down, WeakUp ) 0.087599, 0.274979, 0.220052, 0.417370;
    ( StrongUp, StronUp, Neutral ) 0.247353, 0.551601, 0.071757, 0.129290;
    ( WeakUp, StronUp, Neutral ) 0.444305, 0.024825, 0.295715, 0.235154;
    ( Neutral, StronUp, Neutral ) 0.250333, 0.312919, 0.343754, 0.092994;
    ( Down, StronUp, Neutral ) 0.401686, 0.250932, 0.224402, 0.122979;
    ( StrongUp, WeakUp, Neutral ) 0.547728, 0.014041, 0.294952, 0.143278;
    ( WeakUp, WeakUp, Neutral ) 0.375737, 0.371209, 0.046127, 0.206928;
    ( Neutral, WeakUp, Neutral ) 0.719547, 0.203584, 0.038942, 0.037927;
    ( Down, WeakUp, Neutral ) 0.698727, 0.068288, 0.021428, 0.211557;
    ( StrongUp, Neutral, Neutral ) 0.115721, 0.343533, 0.450838, 0.089908;
    ( WeakUp, Neutral, Neutral ) 0.413752, 0.160104, 0.124811, 0.301333;
    ( Neutral, Neutral, Neutral ) 0.121687, 0.354115, 0.046322, 0.477876;
    ( Down, Neutral, Neutral ) 0.604831, 0.007293, 0.151654, 0.236222;
    ( StrongUp, Down, Neutral ) 0.103976, 0.758701, 0.048537, 0.088786;
    ( WeakUp, Down, Neutral ) 0.498263, 0.078020, 0.336409, 0.087308;
    ( Neutral, Down, Neutral ) 0.012933, 0.634605, 0.247140, 0.105321;
    ( Down, Down, Neutral ) 0.204448, 0.049383, 0.207581, 0.538589;
    ( StrongUp, StronUp, Down ) 0.142258, 0.075655, 0.577794, 0.204294;
    ( WeakUp, StronUp, Down ) 0.242695, 0.106869, 0.627332, 0.023104;
    ( Neutral, StronUp, Down ) 0.359674, 0.316284, 0.244346, 0.079695;
    ( Down, StronUp, Down ) 0.142322, 0.697662, 0.077312, 0.082704;
    ( StrongUp, WeakUp, Down ) 0.439491, 0.030716, 0.029097, 0.500696;
    ( WeakUp, WeakUp, Down ) 0.051094, 0.051094, 0.052235, 0.845577;
    ( Neutral, WeakUp, Down ) 0.254878, 0.078255, 0.588612, 0.078255;
    ( Down, WeakUp, Down ) 0.144764, 0.164716, 0.557962, 0.132558;
    ( StrongUp, Neutral, Down ) 0.081621, 0.061888, 0.115566, 0.740926;
    ( WeakUp, Neutral, Down ) 0.613325, 0.017805, 0.353140, 0.015729;
    ( Neutral, Neutral, Down ) 0.157354, 0.174135, 0.617631, 0.050881;
    ( Down, Neutral, Down ) 0.036554, 0.318039, 0.037370, 0.608037;
    ( StrongUp, Down, Down ) 0.041276, 0.345265, 0.435500, 0.177958;
    ( WeakUp, Down, Down ) 0.186659, 0.141812, 0.426847, 0.244682;
    ( Neutral, Down, Down ) 0.209937, 0.070770, 0.365564, 0.353729;
    ( Down, Down, Down ) 0.064265, 0.226771, 0.360934, 0.348029;
};

probability ( AreaMeso_ALS | CombVerMo ) {
    ( StrongUp ) 0.376284, 0.053977, 0.195957, 0.373782;
    ( WeakUp ) 0.495585, 0.155040, 0.110764, 0.238611;
    ( Neutral ) 0.682277, 0.144981, 0.108345, 0.064397;
    ( Down ) 0.216678, 0.366071, 0.009019, 0.408231;
};

probability ( SatContMoist ) {
    table 0.068884, 0.479412, 0.212772, 0.238933;
};

probability ( RaoContMoist ) {
    table 0.399304, 0.521052, 0.020278, 0.059365;
};

probability ( CombMoisture | SatContMoist, RaoContMoist ) {
    ( VeryWet, VeryWet ) 0.310287, 0.564366, 0.045130, 0.080216;
    ( Wet, VeryWet ) 0.236525, 0.030633, 0.687560, 0.045281;
    ( Neutral, VeryWet ) 0.094727, 0.489827, 0.298917, 0.116529;
    ( Dry, VeryWet ) 0.315258, 0.309971, 0.179689, 0.195083;
    ( VeryWet, Wet ) 0.055697, 0.004550, 0.138982, 0.800771;
    ( Wet, Wet ) 0.596989, 0.011824, 0.290908, 0.100278;
    ( Neutral, Wet ) 0.130869, 0.067943, 0.511433, 0.289755;
    ( Dry, Wet ) 0.387119, 0.116519, 0.365580, 0.130781;
    ( VeryWet, Neutral ) 0.364369, 0.047743, 0.539555, 0.048333;
    ( Wet, Neutral ) 0.479880, 0.074468, 0.371821, 0.073832;
    ( Neutral, Neutral ) 0.507802, 0.171073, 0.054722, 0.266402;
    ( Dry, Neutral ) 0.540384, 0.356814, 0.041943, 0.060859;
    ( VeryWet, Dry ) 0.190995, 0.207335, 0.163601, 0.438070;
    ( Wet, Dry ) 0.705593, 0.013114, 0.207794, 0.073499;
    ( Neutral, Dry ) 0.012560, 0.055060, 0.216463, 0.715917;
    ( Dry, Dry ) 0.523067, 0.441583, 0.017838, 0.017512;
};

probability ( AreaMoDryAir | AreaMeso_ALS, CombMoisture ) {
    ( StrongUp, VeryWet ) 0.509574, 0.187457, 0.101483, 0.201486;
    ( WeakUp, VeryWet ) 0.118020, 0.461354, 0.048339, 0.372286;
    ( Neutral, VeryWet ) 0.083101, 0.067795, 0.168162, 0.680942;
    ( Down, VeryWet ) 0.287786, 0.471185, 0.233567, 0.007461;
    ( StrongUp, Wet ) 0.513283, 0.203589, 0.126213, 0.156915;
    ( WeakUp, Wet ) 0.886555, 0.054938, 0.028947, 0.029560;
    ( Neutral, Wet ) 0.160576, 0.589141, 0.096201, 0.154082;
    ( Down, Wet ) 0.051186, 0.478041, 0.432245, 0.038528;
    ( StrongUp, Neutral ) 0.386663, 0.029788, 0.566396, 0.017153;
    ( WeakUp, Neutral ) 0.337445, 0.220835, 0.024013, 0.417708;
    ( Neutral, Neutral ) 0.713454, 0.073192, 0.162679, 0.050675;
    ( Down, Neutral ) 0.066901, 0.579008, 0.147550, 0.206540;
    ( StrongUp, Dry ) 0.338179, 0.028802, 0.513937, 0.119082;
    ( WeakUp, Dry ) 0.134742, 0.531792, 0.213889, 0.119577;
    ( Neutral, Dry ) 0.728571, 0.075794, 0.022963, 0.172672;
    ( Down, Dry ) 0.468417, 0.227219, 0.100099, 0.204266;
};

probability ( VISCloudCov ) {
    table 0.547802, 0.072593, 0.379604;
};

probability ( IRCloudCover ) {
    table 0.490571, 0.447504, 0.061926;
};

probability ( CombClouds | VISCloudCov, IRCloudCover ) {
    ( Cloudy, Cloudy ) 0.379379, 0.227979, 0.392643;
    ( PC, Cloudy ) 0.044389, 0.577477, 0.378134;
    ( Clear, Cloudy ) 0.756501, 0.124837, 0.118662;
    ( Cloudy, PC ) 0.348156, 0.387773, 0.264071;
    ( PC, PC ) 0.031035, 0.934584, 0.034381;
    ( Clear, PC ) 0.325087, 0.569755, 0.105158;
    ( Cloudy, Clear ) 0.177481, 0.667336, 0.155182;
    ( PC, Clear ) 0.518792, 0.127781, 0.353427;
    ( Clear, Clear ) 0.025762, 0.439963, 0.534274;
};

probability ( CldShadeOth | AreaMoDryAir, AreaMeso_ALS, CombClouds ) {
    ( VeryWet, StrongUp, Cloudy ) 0.092462, 0.358363, 0.549176;
    ( Wet, StrongUp, Cloudy ) 0.082537, 0.619556, 0.297907;
    ( Neutral, StrongUp, Cloudy ) 0.782342, 0.118358, 0.099301;
    ( Dry, StrongUp, Cloudy ) 0.435799, 0.263444, 0.300756;
    ( VeryWet, WeakUp, Cloudy ) 0.573324, 0.087860, 0.338816;
    ( Wet, WeakUp, Cloudy ) 0.189081, 0.600411, 0.210509;
    ( Neutral, WeakUp, Cloudy ) 0.219539, 0.565322, 0.215139;
    ( Dry, WeakUp, Cloudy ) 0.372431, 0.509915, 0.117653;
    ( VeryWet, Neutral, Cloudy ) 0.091682, 0.275746, 0.632572;
    ( Wet, Neutral, Cloudy ) 0.009400, 0.830793, 0.159807;
    ( Neutral, Neutral, Cloudy ) 0.551271, 0.251154, 0.197575;
    ( Dry, Neutral, Cloudy ) 0.093133, 0.349376, 0.557490;
    ( VeryWet, Down, Cloudy ) 0.626313, 0.340237, 0.033450;
    ( Wet, Down, Cloudy ) 0.205787, 0.412889, 0.381324;
    ( Neutral, Down, Cloudy ) 0.372754, 0.473648, 0.153598;
    ( Dry, Down, Cloudy ) 0.363240, 0.456691, 0.180070;
    ( VeryWet, StrongUp, PC ) 0.473310, 0.379690, 0.147001;
    ( Wet, StrongUp, PC ) 0.315301, 0.185537, 0.499161;
    ( Neutral, StrongUp, PC ) 0.682724, 0.248307, 0.068969;
    ( Dry, StrongUp, PC ) 0.499950, 0.217360, 0.282690;
    ( VeryWet, WeakUp, PC ) 0.586730, 0.013802, 0.399469;
    ( Wet, WeakUp, PC ) 0.496069, 0.029303, 0.474628;
    ( Neutral, WeakUp, PC ) 0.336259, 0.096695, 0.567046;
    ( Dry, WeakUp, PC ) 0.506842, 0.149731, 0.343427;
    ( VeryWet, Neutral, PC ) 0.081076, 0.226534, 0.692390;
    ( Wet, Neutral, PC ) 0.122629, 0.430285, 0.447087;
    ( Neutral, Neutral, PC ) 0.463779, 0.508059, 0.028162;
    ( Dry, Neutral, PC ) 0.071715, 0.632219, 0.296066;
    ( VeryWet, Down, PC ) 0.236446, 0.063318, 0.700236;
    ( Wet, Down, PC ) 0.496815, 0.340694, 0.162491;
    ( Neutral, Down, PC ) 0.578747, 0.379611, 0.041641;
    ( Dry, Down, PC ) 0.004240, 0.654691, 0.341070;
    ( VeryWet, StrongUp, Clear ) 0.622575, 0.156160, 0.221265;
    ( Wet, StrongUp, Clear ) 0.157655, 0.822681, 0.019663;
    ( Neutral, StrongUp, Clear ) 0.032997, 0.786009, 0.180994;
    ( Dry, StrongUp, Clear ) 0.829254, 0.053110, 0.117636;
    ( VeryWet, WeakUp, Clear ) 0.374859, 0.099869, 0.525272;
    ( Wet, WeakUp, Clear ) 0.094689, 0.487408, 0.417902;
    ( Neutral, WeakUp, Clear ) 0.621941, 0.028232, 0.349826;
    ( Dry, WeakUp, Clear ) 0.054171, 0.010523, 0.935306;
    ( VeryWet, Neutral, Clear ) 0.368900, 0.340052, 0.291048;
    ( Wet, Neutral, Clear ) 0.166199, 0.231613, 0.602188;
    ( Neutral, Neutral, Clear ) 0.111106, 0.676566, 0.212327;
    ( Dry, Neutral, Clear ) 0.382046, 0.388272, 0.229683;
    ( VeryWet, Down, Clear ) 0.004128, 0.153026, 0.842845;
    ( Wet, Down, Clear ) 0.279223, 0.612157, 0.108620;
    ( Neutral, Down, Clear ) 0.516169, 0.238156, 0.245675;
    ( Dry, Down, Clear ) 0.352314, 0.188746, 0.458940;
};

probability ( AMInstabMt ) {
    table 0.628581, 0.040042, 0.331378;
};

probability ( InsInMt | CldShadeOth, AMInstabMt ) {
    ( Cloudy, None ) 0.074898, 0.000203, 0.924900;
    ( PC, None ) 0.512415, 0.415377, 0.072207;
    ( Clear, None ) 0.076045, 0.223547, 0.700408;
    ( Cloudy, Weak ) 0.889988, 0.062050, 0.047962;
    ( PC, Weak ) 0.086002, 0.494144, 0.419854;
    ( Clear, Weak ) 0.466731, 0.203729, 0.329541;
    ( Cloudy, Strong ) 0.788867, 0.122520, 0.088614;
    ( PC, Strong ) 0.110378, 0.881564, 0.008058;
    ( Clear, Strong ) 0.240006, 0.235637, 0.524356;
};

probability ( WndHodograph ) {
    table 0.030413, 0.009151, 0.514385, 0.446051;
};

probability ( OutflowFrMt | InsInMt, WndHodograph ) {
    ( None, DCVZFavor ) 0.573189, 0.242997, 0.183815;
    ( Weak, DCVZFavor ) 0.425895, 0.238671, 0.335434;
    ( Strong, DCVZFavor ) 0.620773, 0.179311, 0.199916;
    ( None, StrongWest ) 0.180075, 0.558448, 0.261477;
    ( Weak, StrongWest ) 0.015129, 0.802927, 0.181944;
    ( Strong, StrongWest ) 0.494587, 0.038954, 0.466458;
    ( None, Westerly ) 0.110890, 0.718414, 0.170697;
    ( Weak, Westerly ) 0.573925, 0.305823, 0.120252;
    ( Strong, Westerly ) 0.648450, 0.033774, 0.317777;
    ( None, Other ) 0.740781, 0.017412, 0.241806;
    ( Weak, Other ) 0.086357, 0.411898, 0.501745;
    ( Strong, Other ) 0.102697, 0.506816, 0.390487;
};

probability ( MorningBound ) {
    table 0.000047, 0.543226, 0.456728;
};

probability ( Boundaries | OutflowFrMt, WndHodograph, MorningBound ) {
    ( None, DCVZFavor, None ) 0.333353, 0.333349, 0.333298;
    ( Weak, DCVZFavor, None ) 0.333333, 0.333333, 0.333333;
    ( Strong, DCVZFavor, None ) 0.333309, 0.333353, 0.333338;
    ( None, StrongWest, None ) 0.333354, 0.333323, 0.333323;
    ( Weak, StrongWest, None ) 0.333333, 0.333333, 0.333333;
    ( Strong, StrongWest, None ) 0.333325, 0.333325, 0.333350;
    ( None, Westerly, None ) 0.333294, 0.333449, 0.333256;
    ( Weak, Westerly, None ) 0.333337, 0.333276, 0.333388;
    ( Strong, Westerly, None ) 0.333373, 0.333333, 0.333293;
    ( None, Other, None ) 0.333505, 0.333136, 0.333359;
    ( Weak, Other, None ) 0.333206, 0.333463, 0.333331;
    ( Strong, Other, None ) 0.333248, 0.333360, 0.333391;
    ( None, DCVZFavor, Weak ) 0.702268, 0.195461, 0.102271;
    ( Weak, DCVZFavor, Weak ) 0.576896, 0.410571, 0.012533;
    ( Strong, DCVZFavor, Weak ) 0.489185, 0.070703, 0.440112;
    ( None, StrongWest, Weak ) 0.575172, 0.372501, 0.052327;
    ( Weak, StrongWest, Weak ) 0.344884, 0.026280, 0.628836;
    ( Strong, StrongWest, Weak ) 0.309849, 0.286804, 0.403347;
    ( None, Westerly, Weak ) 0.370748, 0.124016, 0.505236;
    ( Weak, Westerly, Weak ) 0.307950, 0.411322, 0.280728;
    ( Strong, Westerly, Weak ) 0.138136, 0.290411, 0.571453;
    ( None, Other, Weak ) 0.013164, 0.214205, 0.772631;
    ( Weak, Other, Weak ) 0.499454, 0.265925, 0.234621;
    ( Strong, Other, Weak ) 0.186486, 0.141036, 0.672479;
    ( None, DCVZFavor, Strong ) 0.067210, 0.737178, 0.195612;
    ( Weak, DCVZFavor, Strong ) 0.579304, 0.087046, 0.333650;
    ( Strong, DCVZFavor, Strong ) 0.191995, 0.473211, 0.334794;
    ( None, StrongWest, Strong ) 0.098688, 0.154467, 0.746845;
    ( Weak, StrongWest, Strong ) 0.298866, 0.390899, 0.310235;
    ( Strong, StrongWest, Strong ) 0.230054, 0.239253, 0.530693;
    ( None, Westerly, Strong ) 0.162273, 0.465885, 0.371843;
    ( Weak, Westerly, Strong ) 0.455105, 0.500843, 0.044052;
    ( Strong, Westerly, Strong ) 0.783946, 0.173743, 0.042311;
    ( None, Other, Strong ) 0.585180, 0.009936, 0.404884;
    ( Weak, Other, Strong ) 0.520568, 0.225534, 0.253899;
    ( Strong, Other, Strong ) 0.345947, 0.357075, 0.296978;
};

probability ( CldShadeConv | InsInMt, WndHodograph ) {
    ( None, DCVZFavor ) 0.305630, 0.335021, 0.359349;
    ( Weak, DCVZFavor ) 0.506759, 0.329496, 0.163745;
    ( Strong, DCVZFavor ) 0.299818, 0.228248, 0.471934;
    ( None, StrongWest ) 0.407313, 0.218933, 0.373753;
    ( Weak, StrongWest ) 0.532764, 0.284682, 0.182554;
    ( Strong, StrongWest ) 0.101836, 0.559736, 0.338428;
    ( None, Westerly ) 0.000323, 0.128273, 0.871404;
    ( Weak, Westerly ) 0.240204, 0.126855, 0.632941;
    ( Strong, Westerly ) 0.118897, 0.452962, 0.428141;
    ( None, Other ) 0.114307, 0.296051, 0.589643;
    ( Weak, Other ) 0.756641, 0.036391, 0.206968;
    ( Strong, Other ) 0.425279, 0.323667, 0.251054;
};

probability ( CompPlFcst | Boundaries, CldShadeConv, AreaMeso_ALS, CldShadeOth ) {
    ( None, None, StrongUp, Cloudy ) 0.443435, 0.223851, 0.332714;
    ( Weak, None, StrongUp, Cloudy ) 0.114953, 0.558801, 0.326246;
    ( Strong, None, StrongUp, Cloudy ) 0.027289, 0.914478, 0.058233;
    ( None, Some, StrongUp, Cloudy ) 0.118879, 0.297251, 0.583870;
    ( Weak, Some, StrongUp, Cloudy ) 0.095395, 0.504533, 0.400072;
    ( Strong, Some, StrongUp, Cloudy ) 0.232175, 0.232919, 0.534906;
    ( None, Marked, StrongUp, Cloudy ) 0.064958, 0.766751, 0.168290;
    ( Weak, Marked, StrongUp, Cloudy ) 0.297094, 0.189730, 0.513176;
    ( Strong, Marked, StrongUp, Cloudy ) 0.281927, 0.056558, 0.661514;
    ( None, None, WeakUp, Cloudy ) 0.380435, 0.108791, 0.510774;
    ( Weak, None, WeakUp, Cloudy ) 0.589169, 0.335792, 0.075038;
    ( Strong, None, WeakUp, Cloudy ) 0.047788, 0.276421, 0.675791;
    ( None, Some, WeakUp, Cloudy ) 0.426910, 0.105649, 0.467441;
    ( Weak, Some, WeakUp, Cloudy ) 0.337850, 0.433315, 0.228835;
    ( Strong, Some, WeakUp, Cloudy ) 0.020660, 0.623691, 0.355648;
    ( None, Marked, WeakUp, Cloudy ) 0.052332, 0.047030, 0.900638;
    ( Weak, Marked, WeakUp, Cloudy ) 0.374446, 0.005540, 0.620014;
    ( Strong, Marked, WeakUp, Cloudy ) 0.224346, 0.538900, 0.236754;
    ( None, None, Neutral, Cloudy ) 0.029345, 0.811315, 0.159341;
    ( Weak, None, Neutral, Cloudy ) 0.058512, 0.638977, 0.302512;
    ( Strong, None, Neutral, Cloudy ) 0.306643, 0.293376, 0.399981;
    ( None, Some, Neutral, Cloudy ) 0.065334, 0.545998, 0.388668;
    ( Weak, Some, Neutral, Cloudy ) 0.119691, 0.456571, 0.423738;
    ( Strong, Some, Neutral, Cloudy ) 0.331662, 0.150107, 0.518231;
    ( None, Marked, Neutral, Cloudy ) 0.381345, 0.176090, 0.442565;
    ( Weak, Marked, Neutral, Cloudy ) 0.691812, 0.145670, 0.162519;
    ( Strong, Marked, Neutral, Cloudy ) 0.129221, 0.102009, 0.768770;
    ( None, None, Down, Cloudy ) 0.064754, 0.296258, 0.638988;
    ( Weak, None, Down, Cloudy ) 0.063577, 0.452041, 0.484382;
    ( Strong, None, Down, Cloudy ) 0.170351, 0.244547, 0.585102;
    ( None, Some, Down, Cloudy ) 0.223770, 0.016427, 0.759803;
    ( Weak, Some, Down, Cloudy ) 0.435385, 0.034370, 0.530245;
    ( Strong, Some, Down, Cloudy ) 0.147180, 0.362289, 0.490531;
    ( None, Marked, Down, Cloudy ) 0.209383, 0.184762, 0.605855;
    ( Weak, Marked, Down, Cloudy ) 0.801716, 0.194531, 0.003753;
    ( Strong, Marked, Down, Cloudy ) 0.337006, 0.160415, 0.502579;
    ( None, None, StrongUp, PC ) 0.083632, 0.449763, 0.466604;
    ( Weak, None, StrongUp, PC ) 0.316670, 0.196613, 0.486717;
    ( Strong, None, StrongUp, PC ) 0.156921, 0.643686, 0.199393;
    ( None, Some, StrongUp, PC ) 0.708156, 0.050396, 0.241448;
    ( Weak, Some, StrongUp, PC ) 0.668290, 0.158026, 0.173684;
    ( Strong, Some, StrongUp, PC ) 0.111850, 0.386486, 0.501664;
    ( None, Marked, StrongUp, PC ) 0.141585, 0.455594, 0.402821;
    ( Weak, Marked, StrongUp, PC ) 0.102113, 0.563990, 0.333897;
    ( Strong, Marked, StrongUp, PC ) 0.382449, 0.322764, 0.294787;
    ( None, None, WeakUp, PC ) 0.240741, 0.028501, 0.730758;
    ( Weak, None, WeakUp, PC ) 0.134742, 0.849616, 0.015642;
    ( Strong, None, WeakUp, PC ) 0.202521, 0.696645, 0.100834;
    ( None, Some, WeakUp, PC ) 0.461903, 0.444364, 0.093733;
    ( Weak, Some, WeakUp, PC ) 0.028640, 0.180711, 0.790649;
    ( Strong, Some, WeakUp, PC ) 0.328829, 0.496294, 0.174877;
    ( None, Marked, WeakUp, PC ) 0.628892, 0.246506, 0.124602;
    ( Weak, Marked, WeakUp, PC ) 0.448293, 0.512475, 0.039232;
    ( Strong, Marked, WeakUp, PC ) 0.018058, 0.808184, 0.173757;
    ( None, None, Neutral, PC ) 0.055661, 0.788323, 0.156016;
    ( Weak, None, Neutral, PC ) 0.075581, 0.283771, 0.640648;
    ( Strong, None, Neutral, PC ) 0.892673, 0.044878, 0.062449;
    ( None, Some, Neutral, PC ) 0.087003, 0.602180, 0.310817;
    ( Weak, Some, Neutral, PC ) 0.019506, 0.148892, 0.831603;
    ( Strong, Some, Neutral, PC ) 0.022801, 0.800861, 0.176338;
    ( None, Marked, Neutral, PC ) 0.029167, 0.333640, 0.637192;
    ( Weak, Marked, Neutral, PC ) 0.650064, 0.248680, 0.101256;
    ( Strong, Marked, Neutral, PC ) 0.643370, 0.260401, 0.096230;
    ( None, None, Down, PC ) 0.669837, 0.056201, 0.273962;
    ( Weak, None, Down, PC ) 0.364852, 0.528798, 0.106350;
    ( Strong, None, Down, PC ) 0.497833, 0.185495, 0.316671;
    ( None, Some, Down, PC ) 0.531059, 0.092208, 0.376733;
    ( Weak, Some, Down, PC ) 0.030251, 0.619740, 0.350009;
    ( Strong, Some, Down, PC ) 0.080939, 0.348865, 0.570197;
    ( None, Marked, Down, PC ) 0.197670, 0.758121, 0.044209;
    ( Weak, Marked, Down, PC ) 0.469958, 0.045864, 0.484178;
    ( Strong, Marked, Down, PC ) 0.339744, 0.386417, 0.273839;
    ( None, None, StrongUp, Clear ) 0.046805, 0.752296, 0.200899;
    ( Weak, None, StrongUp, Clear ) 0.695444, 0.058078, 0.246478;
    ( Strong, None, StrongUp, Clear ) 0.213786, 0.475310, 0.310905;
    ( None, Some, StrongUp, Clear ) 0.024996, 0.599423, 0.375581;
    ( Weak, Some, StrongUp, Clear ) 0.214807, 0.263128, 0.522065;
    ( Strong, Some, StrongUp, Clear ) 0.118150, 0.466961, 0.414889;
    ( None, Marked, StrongUp, Clear ) 0.066504, 0.226969, 0.706527;
    ( Weak, Marked, StrongUp, Clear ) 0.277852, 0.181837, 0.540311;
    ( Strong, Marked, StrongUp, Clear ) 0.683387, 0.014020, 0.302593;
    ( None, None, WeakUp, Clear ) 0.246227, 0.557410, 0.196363;
    ( Weak, None, WeakUp, Clear ) 0.172616, 0.083463, 0.743921;
    ( Strong, None, WeakUp, Clear ) 0.478437, 0.443832, 0.077731;
    ( None, Some, WeakUp, Clear ) 0.219959, 0.179993, 0.600048;
    ( Weak, Some, WeakUp, Clear ) 0.271107, 0.231048, 0.497845;
    ( Strong, Some, WeakUp, Clear ) 0.326831, 0.171909, 0.501260;
    ( None, Marked, WeakUp, Clear ) 0.295660, 0.575315, 0.129025;
    ( Weak, Marked, WeakUp, Clear ) 0.531762, 0.205489, 0.262749;
    ( Strong, Marked, WeakUp, Clear ) 0.099026, 0.204394, 0.696580;
    ( None, None, Neutral, Clear ) 0.122139, 0.635115, 0.242746;
    ( Weak, None, Neutral, Clear ) 0.450996, 0.410110, 0.138894;
    ( Strong, None, Neutral, Clear ) 0.729199, 0.161489, 0.109313;
    ( None, Some, Neutral, Clear ) 0.230943, 0.540798, 0.228259;
    ( Weak, Some, Neutral, Clear ) 0.360844, 0.574512, 0.064644;
    ( Strong, Some, Neutral, Clear ) 0.183461, 0.766301, 0.050238;
    ( None, Marked, Neutral, Clear ) 0.734777, 0.102543, 0.162681;
    ( Weak, Marked, Neutral, Clear ) 0.394903, 0.534066, 0.071031;
    ( Strong, Marked, Neutral, Clear ) 0.666485, 0.096922, 0.236593;
    ( None, None, Down, Clear ) 0.502544, 0.112038, 0.385417;
    ( Weak, None, Down, Clear ) 0.056448, 0.137566, 0.805985;
    ( Strong, None, Down, Clear ) 0.464676, 0.365277, 0.170048;
    ( None, Some, Down, Clear ) 0.875100, 0.064719, 0.060181;
    ( Weak, Some, Down, Clear ) 0.725656, 0.143060, 0.131284;
    ( Strong, Some, Down, Clear ) 0.324993, 0.644321, 0.030686;
    ( None, Marked, Down, Clear ) 0.244958, 0.421877, 0.333165;
    ( Weak, Marked, Down, Clear ) 0.030506, 0.622684, 0.346809;
    ( Strong, Marked, Down, Clear ) 0.602548, 0.392159, 0.005293;
};

probability ( CapChange | CompPlFcst ) {
    ( IncCapDecIns ) 0.090599, 0.803805, 0.105596;
    ( LittleChange ) 0.345895, 0.009278, 0.644828;
    ( DecCapIncIns ) 0.262833, 0.307746, 0.429422;
};

probability ( LoLevMoistAd ) {
    table 0.017212, 0.264976, 0.717765, 0.000047;
};

probability ( InsChange | LoLevMoistAd, CompPlFcst ) {
    ( StrongPos, IncCapDecIns ) 0.237097, 0.197281, 0.565622;
    ( WeakPos, IncCapDecIns ) 0.448404, 0.160286, 0.391310;
    ( Neutral, IncCapDecIns ) 0.133990, 0.721397, 0.144614;
    ( Negative, IncCapDecIns ) 0.333300, 0.333397, 0.333304;
    ( StrongPos, LittleChange ) 0.071582, 0.642825, 0.285593;
    ( WeakPos, LittleChange ) 0.051597, 0.266668, 0.681735;
    ( Neutral, LittleChange ) 0.223962, 0.145418, 0.630620;
    ( Negative, LittleChange ) 0.333048, 0.333461, 0.333491;
    ( StrongPos, DecCapIncIns ) 0.174430, 0.025987, 0.799584;
    ( WeakPos, DecCapIncIns ) 0.552507, 0.092387, 0.355106;
    ( Neutral, DecCapIncIns ) 0.280843, 0.346598, 0.372559;
    ( Negative, DecCapIncIns ) 0.333368, 0.333279, 0.333352;
};

probability ( MountainFcst | InsInMt ) {
    ( None ) 0.454934, 0.544902, 0.000164;
    ( Weak ) 0.352625, 0.519967, 0.127409;
    ( Strong ) 0.300170, 0.046809, 0.653021;
};

probability ( Date ) {
    table 0.050534, 0.173403, 0.000047, 0.296685, 0.479284, 0.000047;
};

probability ( Scenario | Date ) {
    ( May15_Jun14 ) 0.000914, 0.055104, 0.141493, 0.171883, 0.012874, 0.046402, 0.185159, 0.070676, 0.121104, 0.125842, 0.068549;
    ( Jun15_Jul1 ) 0.105824, 0.006771, 0.301802, 0.011017, 0.062330, 0.058265, 0.034332, 0.285898, 0.009703, 0.019163, 0.104893;
    ( Jul2_Jul15 ) 0.090872, 0.090961, 0.090868, 0.090884, 0.090904, 0.090842, 0.090938, 0.090906, 0.090955, 0.090982, 0.090889;
    ( Jul16_Aug10 ) 0.049762, 0.109940, 0.135947, 0.146337, 0.018632, 0.090206, 0.009090, 0.084376, 0.091360, 0.137901, 0.126449;
    ( Aug11_Aug20 ) 0.030667, 0.050271, 0.017880, 0.052340, 0.258839, 0.011944, 0.321562, 0.076752, 0.122416, 0.008801, 0.048529;
    ( Aug20_Sep15 ) 0.090872, 0.090961, 0.090868, 0.090884, 0.090904, 0.090842, 0.090938, 0.090906, 0.090955, 0.090982, 0.090889;
};

probability ( ScenRelAMCIN | Scenario ) {
    ( A ) 0.789595, 0.210405;
    ( B ) 0.983940, 0.016060;
    ( C ) 0.721627, 0.278373;
    ( D ) 0.182679, 0.817321;
    ( E ) 0.847532, 0.152468;
    ( F ) 0.653945, 0.346055;
    ( G ) 0.531038, 0.468962;
    ( H ) 0.164762, 0.835238;
    ( I ) 0.318560, 0.681440;
    ( J ) 0.614591, 0.385409;
    ( K ) 0.063041, 0.936959;
};

probability ( MorningCIN ) {
    table 0.406089, 0.111555, 0.143117, 0.339238;
};

probability ( AMCINInScen | ScenRelAMCIN, MorningCIN ) {
    ( AB, None ) 0.095222, 0.345060, 0.559717;
    ( CThruK, None ) 0.103906, 0.809364, 0.086729;
    ( AB, PartInhibit ) 0.349047, 0.474531, 0.176422;
    ( CThruK, PartInhibit ) 0.251443, 0.441502, 0.307056;
    ( AB, Stifling ) 0.124950, 0.261441, 0.613609;
    ( CThruK, Stifling ) 0.814439, 0.068707, 0.116854;
    ( AB, TotalInhibit ) 0.364763, 0.051453, 0.583784;
    ( CThruK, TotalInhibit ) 0.506006, 0.409592, 0.084402;
};

probability ( CapInScen | AMCINInScen, CapChange ) {
    ( LessThanAve, Decreasing ) 0.321672, 0.039253, 0.639075;
    ( Average, Decreasing ) 0.393852, 0.332701, 0.273447;
    ( MoreThanAve, Decreasing ) 0.169480, 0.576025, 0.254496;
    ( LessThanAve, LittleChange ) 0.045788, 0.716406, 0.237806;
    ( Average, LittleChange ) 0.107631, 0.690411, 0.201958;
    ( MoreThanAve, LittleChange ) 0.130513, 0.369250, 0.500237;
    ( LessThanAve, Increasing ) 0.305848, 0.363371, 0.330780;
    ( Average, Increasing ) 0.153759, 0.201778, 0.644463;
    ( MoreThanAve, Increasing ) 0.816744, 0.130037, 0.053219;
};

probability ( ScenRelAMIns | Scenario ) {
    ( A ) 0.056423, 0.119926, 0.221144, 0.136164, 0.104779, 0.361564;
    ( B ) 0.054401, 0.030720, 0.021273, 0.046191, 0.230118, 0.617296;
    ( C ) 0.024658, 0.232770, 0.123642, 0.093806, 0.427994, 0.097129;
    ( D ) 0.509813, 0.127293, 0.007000, 0.113793, 0.176577, 0.065524;
    ( E ) 0.244183, 0.050206, 0.230890, 0.020652, 0.213073, 0.240996;
    ( F ) 0.135365, 0.131399, 0.120146, 0.077336, 0.068477, 0.467276;
    ( G ) 0.131821, 0.355876, 0.004964, 0.197135, 0.228319, 0.081886;
    ( H ) 0.067012, 0.292163, 0.022250, 0.512448, 0.031158, 0.074969;
    ( I ) 0.220889, 0.093137, 0.433495, 0.106621, 0.008066, 0.137793;
    ( J ) 0.023082, 0.010149, 0.049201, 0.315304, 0.130693, 0.471571;
    ( K ) 0.189265, 0.392783, 0.075713, 0.104866, 0.088085, 0.149287;
};

probability ( LIfr12ZDENSd ) {
    table 0.353978, 0.058104, 0.009183, 0.578734;
};

probability ( AMDewptCalPl ) {
    table 0.017616, 0.566287, 0.416098;
};

probability ( AMInsWliScen | ScenRelAMIns, LIfr12ZDENSd, AMDewptCalPl ) {
    ( ABI, LIGt0, Instability ) 0.226842, 0.441137, 0.332021;
    ( CDEJ, LIGt0, Instability ) 0.396000, 0.105823, 0.498177;
    ( F, LIGt0, Instability ) 0.232586, 0.070654, 0.696760;
    ( G, LIGt0, Instability ) 0.407227, 0.033278, 0.559495;
    ( H, LIGt0, Instability ) 0.263189, 0.035359, 0.701452;
    ( K, LIGt0, Instability ) 0.494039, 0.299753, 0.206208;
    ( ABI, N1GtLIGt_4, Instability ) 0.730752, 0.136490, 0.132758;
    ( CDEJ, N1GtLIGt_4, Instability ) 0.435517, 0.135241, 0.429242;
    ( F, N1GtLIGt_4, Instability ) 0.194575, 0.614733, 0.190692;
    ( G, N1GtLIGt_4, Instability ) 0.197670, 0.190602, 0.611728;
    ( H, N1GtLIGt_4, Instability ) 0.137756, 0.726411, 0.135833;
    ( K, N1GtLIGt_4, Instability ) 0.136095, 0.431953, 0.431953;
    ( ABI, N5GtLIGt_8, Instability ) 0.332123, 0.335753, 0.332123;
    ( CDEJ, N5GtLIGt_8, Instability ) 0.193277, 0.193277, 0.613445;
    ( F, N5GtLIGt_8, Instability ) 0.338017, 0.330992, 0.330992;
    ( G, N5GtLIGt_8, Instability ) 0.388643, 0.416280, 0.195078;
    ( H, N5GtLIGt_8, Instability ) 0.333333, 0.333333, 0.333333;
    ( K, N5GtLIGt_8, Instability ) 0.333333, 0.333333, 0.333333;
    ( ABI, LILt_8, Instability ) 0.202988, 0.770915, 0.026097;
    ( CDEJ, LILt_8, Instability ) 0.674752, 0.226689, 0.098559;
    ( F, LILt_8, Instability ) 0.302317, 0.144744, 0.552939;
    ( G, LILt_8, Instability ) 0.888429, 0.084811, 0.026760;
    ( H, LILt_8, Instability ) 0.283275, 0.358570, 0.358155;
    ( K, LILt_8, Instability ) 0.301787, 0.536509, 0.161704;
    ( ABI, LIGt0, Neutral ) 0.111567, 0.541605, 0.346828;
    ( CDEJ, LIGt0, Neutral ) 0.629321, 0.241337, 0.129342;
    ( F, LIGt0, Neutral ) 0.023782, 0.571064, 0.405154;
    ( G, LIGt0, Neutral ) 0.001442, 0.424624, 0.573934;
    ( H, LIGt0, Neutral ) 0.088627, 0.086824, 0.824548;
    ( K, LIGt0, Neutral ) 0.050104, 0.832121, 0.117775;
    ( ABI, N1GtLIGt_4, Neutral ) 0.876092, 0.064288, 0.059620;
    ( CDEJ, N1GtLIGt_4, Neutral ) 0.292358, 0.541799, 0.165843;
    ( F, N1GtLIGt_4, Neutral ) 0.447420, 0.380166, 0.172414;
    ( G, N1GtLIGt_4, Neutral ) 0.216229, 0.080540, 0.703231;
    ( H, N1GtLIGt_4, Neutral ) 0.291785, 0.340066, 0.368149;
    ( K, N1GtLIGt_4, Neutral ) 0.182610, 0.157543, 0.659848;
    ( ABI, N5GtLIGt_8, Neutral ) 0.602308, 0.062194, 0.335498;
    ( CDEJ, N5GtLIGt_8, Neutral ) 0.199413, 0.306060, 0.494527;
    ( F, N5GtLIGt_8, Neutral ) 0.909953, 0.045176, 0.044871;
    ( G, N5GtLIGt_8, Neutral ) 0.071094, 0.698477, 0.230429;
    ( H, N5GtLIGt_8, Neutral ) 0.283246, 0.679463, 0.037291;
    ( K, N5GtLIGt_8, Neutral ) 0.036930, 0.604030, 0.359041;
    ( ABI, LILt_8, Neutral ) 0.351935, 0.292509, 0.355556;
    ( CDEJ, LILt_8, Neutral ) 0.033458, 0.940125, 0.026418;
    ( F, LILt_8, Neutral ) 0.401598, 0.475931, 0.122471;
    ( G, LILt_8, Neutral ) 0.012331, 0.467861, 0.519808;
    ( H, LILt_8, Neutral ) 0.060165, 0.456770, 0.483065;
    ( K, LILt_8, Neutral ) 0.459423, 0.085290, 0.455286;
    ( ABI, LIGt0, Stability ) 0.544166, 0.008012, 0.447822;
    ( CDEJ, LIGt0, Stability ) 0.071228, 0.163547, 0.765224;
    ( F, LIGt0, Stability ) 0.114643, 0.377369, 0.507988;
    ( G, LIGt0, Stability ) 0.268213, 0.569185, 0.162603;
    ( H, LIGt0, Stability ) 0.260023, 0.398225, 0.341752;
    ( K, LIGt0, Stability ) 0.150083, 0.769317, 0.080600;
    ( ABI, N1GtLIGt_4, Stability ) 0.065376, 0.414292, 0.520332;
    ( CDEJ, N1GtLIGt_4, Stability ) 0.447544, 0.190926, 0.361530;
    ( F, N1GtLIGt_4, Stability ) 0.262087, 0.592868, 0.145045;
    ( G, N1GtLIGt_4, Stability ) 0.384506, 0.014286, 0.601207;
    ( H, N1GtLIGt_4, Stability ) 0.492504, 0.419138, 0.088358;
    ( K, N1GtLIGt_4, Stability ) 0.608052, 0.172663, 0.219286;
    ( ABI, N5GtLIGt_8, Stability ) 0.072521, 0.385068, 0.542411;
    ( CDEJ, N5GtLIGt_8, Stability ) 0.194179, 0.207351, 0.598470;
    ( F, N5GtLIGt_8, Stability ) 0.212971, 0.556533, 0.230495;
    ( G, N5GtLIGt_8, Stability ) 0.611402, 0.200530, 0.188068;
    ( H, N5GtLIGt_8, Stability ) 0.041566, 0.826107, 0.132328;
    ( K, N5GtLIGt_8, Stability ) 0.055073, 0.541387, 0.403539;
    ( ABI, LILt_8, Stability ) 0.539049, 0.210788, 0.250163;
    ( CDEJ, LILt_8, Stability ) 0.078963, 0.838179, 0.082859;
    ( F, LILt_8, Stability ) 0.199379, 0.193279, 0.607342;
    ( G, LILt_8, Stability ) 0.089406, 0.737193, 0.173402;
    ( H, LILt_8, Stability ) 0.514184, 0.386471, 0.099346;
    ( K, LILt_8, Stability ) 0.347442, 0.594914, 0.057645;
};

probability ( InsSclInScen | AMInsWliScen, InsChange ) {
    ( LessUnstable, Decreasing ) 0.025665, 0.630583, 0.343752;
    ( Average, Decreasing ) 0.290616, 0.215659, 0.493724;
    ( MoreUnstable, Decreasing ) 0.438487, 0.210098, 0.351415;
    ( LessUnstable, LittleChange ) 0.554593, 0.433841, 0.011566;
    ( Average, LittleChange ) 0.074692, 0.467516, 0.457791;
    ( MoreUnstable, LittleChange ) 0.480703, 0.009957, 0.509341;
    ( LessUnstable, Increasing ) 0.341157, 0.384235, 0.274609;
    ( Average, Increasing ) 0.199054, 0.373860, 0.427086;
    ( MoreUnstable, Increasing ) 0.587751, 0.181338, 0.230911;
};

probability ( ScenRel3_4 | Scenario ) {
    ( A ) 0.195882, 0.142265, 0.353990, 0.022170, 0.285693;
    ( B ) 0.040687, 0.194584, 0.083499, 0.266138, 0.415092;
    ( C ) 0.162483, 0.116716, 0.053082, 0.167914, 0.499804;
    ( D ) 0.385395, 0.120956, 0.291387, 0.125444, 0.076818;
    ( E ) 0.635548, 0.092322, 0.076623, 0.032027, 0.163479;
    ( F ) 0.194304, 0.236299, 0.065808, 0.226810, 0.276779;
    ( G ) 0.000270, 0.730403, 0.142169, 0.073354, 0.053803;
    ( H ) 0.140478, 0.205438, 0.045768, 0.405140, 0.203175;
    ( I ) 0.128782, 0.142094, 0.380324, 0.017996, 0.330805;
    ( J ) 0.311592, 0.241694, 0.039599, 0.098090, 0.309025;
    ( K ) 0.145873, 0.438779, 0.020141, 0.115539, 0.279668;
};

probability ( LatestCIN ) {
    table 0.227965, 0.310688, 0.159287, 0.302060;
};

probability ( LLIW ) {
    table 0.321800, 0.136694, 0.400413, 0.141093;
};

probability ( CurPropConv | LatestCIN, LLIW ) {
    ( None, Unfavorable ) 0.585216, 0.040059, 0.197182, 0.177542;
    ( PartInhibit, Unfavorable ) 0.023758, 0.370004, 0.430057, 0.176180;
    ( Stifling, Unfavorable ) 0.032108, 0.178672, 0.210585, 0.578635;
    ( TotalInhibit, Unfavorable ) 0.509187, 0.000495, 0.417859, 0.072458;
    ( None, Weak ) 0.087655, 0.365612, 0.453128, 0.093606;
    ( PartInhibit, Weak ) 0.389174, 0.284382, 0.120982, 0.205462;
    ( Stifling, Weak ) 0.729650, 0.034889, 0.016106, 0.219356;
    ( TotalInhibit, Weak ) 0.379713, 0.128231, 0.358036, 0.134022;
    ( None, Moderate ) 0.407453, 0.116347, 0.170844, 0.305356;
    ( PartInhibit, Moderate ) 0.053607, 0.383781, 0.153883, 0.408728;
    ( Stifling, Moderate ) 0.294699, 0.072291, 0.131766, 0.501244;
    ( TotalInhibit, Moderate ) 0.064553, 0.418658, 0.307042, 0.209747;
    ( None, Strong ) 0.417800, 0.325227, 0.067532, 0.189441;
    ( PartInhibit, Strong ) 0.456133, 0.151872, 0.289684, 0.102311;
    ( Stifling, Strong ) 0.346666, 0.153599, 0.102586, 0.397148;
    ( TotalInhibit, Strong ) 0.075253, 0.102729, 0.042195, 0.779823;
};

probability ( ScnRelPlFcst | Scenario ) {
    ( A ) 0.101172, 0.078815, 0.013535, 0.011534, 0.009335, 0.090205, 0.301974, 0.132478, 0.210826, 0.013518, 0.036607;
    ( B ) 0.348465, 0.100989, 0.054040, 0.010774, 0.151164, 0.047452, 0.177681, 0.027392, 0.043793, 0.007444, 0.030805;
    ( C ) 0.050790, 0.140700, 0.005093, 0.104684, 0.101140, 0.195363, 0.055219, 0.131981, 0.059134, 0.064733, 0.091162;
    ( D ) 0.160623, 0.079569, 0.052684, 0.127417, 0.000587, 0.042437, 0.394689, 0.039217, 0.045169, 0.033641, 0.023967;
    ( E ) 0.214990, 0.329848, 0.047610, 0.025572, 0.055674, 0.000331, 0.069137, 0.038653, 0.178647, 0.020507, 0.019030;
    ( F ) 0.359938, 0.165380, 0.032531, 0.016644, 0.059018, 0.158039, 0.081775, 0.025406, 0.052539, 0.047694, 0.001036;
